x-axis	Total diffraction	Diffraction pattern	Interference pattern	From Camera	
-0,027000	0,002092	0,004756	0,439526	0,016428	
-0,026962	0,001804	0,004632	0,389124	0,017355	
-0,026925	0,001533	0,004509	0,339882	0,024828	
-0,026887	0,001282	0,004384	0,292317	0,020072	
-0,026850	0,001053	0,004260	0,246926	0,025569	
-0,026812	0,000845	0,004135	0,204185	0,021246	
-0,026775	0,000660	0,004010	0,164540	0,024581	
-0,026737	0,000499	0,003885	0,128408	0,024581	
-0,026700	0,000362	0,003760	0,096166	0,031529	
-0,026662	0,000248	0,003636	0,068153	0,027051	
-0,026625	0,000157	0,003512	0,044661	0,036964	
-0,026587	0,000088	0,003388	0,025936	0,034648	
-0,026550	0,000040	0,003264	0,012175	0,036315	
-0,026512	0,000011	0,003142	0,003522	0,028750	
-0,026475	0,000000	0,003020	0,000067	0,035729	
-0,026437	0,000005	0,002899	0,001847	0,035111	
-0,026400	0,000025	0,002779	0,008842	0,041009	
-0,026362	0,000056	0,002660	0,020981	0,041380	
-0,026325	0,000097	0,002542	0,038135	0,048359	
-0,026287	0,000146	0,002426	0,060125	0,045085	
-0,026249	0,000201	0,002311	0,086722	0,045610	
-0,026212	0,000259	0,002198	0,117645	0,038384	
-0,026174	0,000318	0,002086	0,152573	0,047741	
-0,026137	0,000378	0,001976	0,191138	0,042152	
-0,026099	0,000435	0,001868	0,232938	0,039650	
-0,026062	0,000489	0,001762	0,277535	0,033135	
-0,026024	0,000538	0,001658	0,324461	0,036377	
-0,025987	0,000581	0,001557	0,373225	0,031961	
-0,025949	0,000617	0,001457	0,423318	0,038909	
-0,025912	0,000646	0,001361	0,474213	0,037520	
-0,025874	0,000666	0,001266	0,525379	0,040639	
-0,025837	0,000677	0,001175	0,576279	0,031498	
-0,025799	0,000680	0,001086	0,626380	0,034555	
-0,025762	0,000675	0,001000	0,675159	0,026001	
-0,025724	0,000662	0,000916	0,722103	0,026187	
-0,025687	0,000642	0,000836	0,766722	0,018683	
-0,025649	0,000614	0,000759	0,808549	0,021740	
-0,025612	0,000581	0,000685	0,847144	0,014359	
-0,025574	0,000543	0,000615	0,882104	0,017787	
-0,025536	0,000500	0,000548	0,913063	0,017694	
-0,025499	0,000455	0,000484	0,939697	0,022944	
-0,025461	0,000408	0,000424	0,961726	0,013032	
-0,025424	0,000360	0,000368	0,978921	0,014576	
-0,025386	0,000313	0,000315	0,991100	0,010592	
-0,025349	0,000266	0,000266	0,998136	0,015286	
-0,025311	0,000221	0,000221	0,999956	0,010314	
-0,025274	0,000180	0,000180	0,996541	0,015996	
-0,025236	0,000142	0,000143	0,987925	0,006948	
-0,025199	0,000108	0,000111	0,974200	0,012476	
-0,025161	0,000078	0,000082	0,955509	0,006886	
-0,025124	0,000053	0,000057	0,932047	0,009666	
-0,025086	0,000034	0,000037	0,904061	0,007905	
-0,025049	0,000018	0,000021	0,871843	0,016336	
-0,025011	0,000008	0,000010	0,835731	0,008276	
-0,024974	0,000002	0,000003	0,796103	0,010839	
-0,024936	0,000000	0,000000	0,753374	0,009789	
-0,024899	0,000001	0,000002	0,707992	0,013865	
-0,024861	0,000006	0,000008	0,660431	0,011024	
-0,024823	0,000012	0,000020	0,611189	0,017602	
-0,024786	0,000020	0,000035	0,560784	0,011086	
-0,024748	0,000028	0,000056	0,509741	0,016675	
-0,024711	0,000037	0,000081	0,458597	0,010129	
-0,024673	0,000045	0,000110	0,407886	0,013896	
-0,024636	0,000052	0,000145	0,358139	0,009943	
-0,024598	0,000057	0,000184	0,309879	0,016459	
-0,024561	0,000060	0,000228	0,263610	0,007936	
-0,024523	0,000061	0,000277	0,219816	0,011024	
-0,024486	0,000059	0,000330	0,178957	0,008770	
-0,024448	0,000055	0,000389	0,141460	0,018034	
-0,024411	0,000049	0,000452	0,107719	0,009480	
-0,024373	0,000041	0,000520	0,078086	0,009727	
-0,024336	0,000031	0,000592	0,052873	0,008152	
-0,024298	0,000022	0,000669	0,032342	0,013093	
-0,024261	0,000013	0,000751	0,016710	0,008801	
-0,024223	0,000005	0,000838	0,006139	0,014946	
-0,024186	0,000001	0,000929	0,000742	0,007226	
-0,024148	0,000001	0,001025	0,000574	0,008369	
-0,024110	0,000006	0,001126	0,005637	0,006238	
-0,024073	0,000020	0,001231	0,015878	0,012012	
-0,024035	0,000042	0,001341	0,031190	0,006948	
-0,023998	0,000075	0,001455	0,051412	0,010932	
-0,023960	0,000120	0,001574	0,076334	0,006176	
-0,023923	0,000179	0,001697	0,105693	0,012445	
-0,023885	0,000254	0,001824	0,139183	0,010252	
-0,023848	0,000345	0,001956	0,176452	0,017417	
-0,023810	0,000454	0,002091	0,217110	0,011735	
-0,023773	0,000582	0,002231	0,260732	0,014421	
-0,023735	0,000729	0,002375	0,306860	0,010407	
-0,023698	0,000896	0,002523	0,355012	0,018868	
-0,023660	0,001083	0,002675	0,404682	0,008060	
-0,023623	0,001290	0,002831	0,455351	0,007566	
-0,023585	0,001516	0,002991	0,506488	0,007257	
-0,023548	0,001760	0,003154	0,557558	0,017818	
-0,023510	0,002020	0,003321	0,608024	0,013556	
-0,023473	0,002296	0,003491	0,657360	0,019331	
-0,023435	0,002585	0,003664	0,705047	0,010777	
-0,023397	0,002885	0,003841	0,750586	0,012599	
-0,023360	0,003193	0,004021	0,793501	0,008894	
-0,023322	0,003506	0,004204	0,833341	0,015502	
-0,023285	0,003821	0,004391	0,869690	0,007967	
-0,023247	0,004134	0,004580	0,902166	0,010623	
-0,023210	0,004442	0,004771	0,930430	0,009233	
-0,023172	0,004741	0,004965	0,954185	0,017015	
-0,023135	0,005027	0,005162	0,973182	0,009851	
-0,023097	0,005296	0,005361	0,987222	0,013217	
-0,023060	0,005545	0,005563	0,996158	0,007133	
-0,023022	0,005769	0,005766	0,999897	0,010993	
-0,022985	0,005966	0,005972	0,998399	0,011426	
-0,022947	0,006131	0,006179	0,991680	0,018158	
-0,022910	0,006263	0,006388	0,979811	0,008399	
-0,022872	0,006358	0,006598	0,962915	0,010808	
-0,022835	0,006414	0,006810	0,941169	0,006639	
-0,022797	0,006429	0,007024	0,914802	0,011024	
-0,022760	0,006403	0,007238	0,884089	0,006269	
-0,022722	0,006335	0,007453	0,849352	0,005991	
-0,022685	0,006224	0,007670	0,810956	0,007164	
-0,022647	0,006071	0,007887	0,769302	0,014946	
-0,022609	0,005878	0,008104	0,724826	0,007782	
-0,022572	0,005646	0,008322	0,677996	0,010530	
-0,022534	0,005378	0,008540	0,629300	0,007535	
-0,022497	0,005076	0,008758	0,579250	0,015070	
-0,022459	0,004746	0,008976	0,528369	0,009449	
-0,022422	0,004390	0,009194	0,477191	0,010129	
-0,022384	0,004014	0,009411	0,426252	0,008214	
-0,022347	0,003623	0,009628	0,376086	0,013711	
-0,022309	0,003223	0,009845	0,327218	0,006732	
-0,022272	0,002820	0,010060	0,280160	0,012877	
-0,022234	0,002420	0,010274	0,235405	0,007998	
-0,022197	0,002030	0,010487	0,193422	0,013001	
-0,022159	0,001656	0,010699	0,154652	0,006578	
-0,022122	0,001304	0,010909	0,119499	0,012507	
-0,022084	0,000983	0,011118	0,088334	0,010098	
-0,022047	0,000697	0,011325	0,061481	0,017139	
-0,022009	0,000453	0,011530	0,039223	0,010715	
-0,021972	0,000256	0,011732	0,021792	0,020752	
-0,021934	0,000112	0,011933	0,009372	0,013680	
-0,021896	0,000025	0,012130	0,002092	0,021153	
-0,021859	0,000000	0,012326	0,000030	0,017540	
-0,021821	0,000040	0,012518	0,003205	0,021524	
-0,021784	0,000147	0,012708	0,011586	0,021585	
-0,021746	0,000324	0,012894	0,025085	0,032146	
-0,021709	0,000570	0,013078	0,043560	0,026681	
-0,021671	0,000886	0,013258	0,066817	0,028225	
-0,021634	0,001272	0,013434	0,094613	0,022141	
-0,021596	0,001725	0,013607	0,126657	0,030108	
-0,021559	0,002242	0,013776	0,162613	0,034740	
-0,021521	0,002819	0,013941	0,202104	0,042584	
-0,021484	0,003453	0,014102	0,244717	0,036161	
-0,021446	0,004138	0,014259	0,290005	0,037551	
-0,021409	0,004867	0,014411	0,337493	0,040484	
-0,021371	0,005633	0,014559	0,386684	0,051076	
-0,021334	0,006430	0,014702	0,437063	0,050397	
-0,021296	0,007248	0,014841	0,488101	0,054874	
-0,021259	0,008080	0,014974	0,539265	0,050953	
-0,021221	0,008917	0,015103	0,590017	0,055739	
-0,021183	0,009749	0,015226	0,639826	0,050551	
-0,021146	0,010567	0,015345	0,688170	0,056635	
-0,021108	0,011362	0,015458	0,734543	0,054936	
-0,021071	0,012125	0,015565	0,778458	0,056171	
-0,021033	0,012847	0,015668	0,819456	0,048668	
-0,020996	0,013520	0,015764	0,857106	0,056295	
-0,020958	0,014136	0,015855	0,891015	0,048606	
-0,020921	0,014687	0,015940	0,920826	0,054813	
-0,020883	0,015167	0,016019	0,946228	0,054072	
-0,020846	0,015570	0,016092	0,966954	0,054257	
-0,020808	0,015891	0,016159	0,982787	0,046475	
-0,020771	0,016125	0,016219	0,993561	0,046876	
-0,020733	0,016271	0,016274	0,999163	0,038168	
-0,020696	0,016325	0,016322	0,999535	0,044684	
-0,020658	0,016288	0,016364	0,994671	0,040886	
-0,020621	0,016158	0,016400	0,984625	0,042491	
-0,020583	0,015938	0,016429	0,969500	0,033691	
-0,020546	0,015630	0,016452	0,949455	0,034092	
-0,020508	0,015238	0,016468	0,924700	0,028564	
-0,020470	0,014765	0,016477	0,895494	0,033289	
-0,020433	0,014217	0,016480	0,862145	0,023840	
-0,020395	0,013602	0,016477	0,825000	0,023037	
-0,020358	0,012925	0,016466	0,784449	0,017818	
-0,020320	0,012195	0,016449	0,740917	0,021524	
-0,020283	0,011421	0,016426	0,694861	0,013773	
-0,020245	0,010611	0,016395	0,646762	0,017787	
-0,020208	0,009774	0,016358	0,597126	0,013927	
-0,020170	0,008921	0,016314	0,546471	0,014761	
-0,020133	0,008061	0,016264	0,495330	0,012043	
-0,020095	0,007204	0,016207	0,444238	0,019115	
-0,020058	0,006360	0,016143	0,393729	0,011673	
-0,020020	0,005538	0,016073	0,344335	0,016614	
-0,019983	0,004747	0,015996	0,296572	0,009882	
-0,019945	0,003996	0,015913	0,250941	0,015409	
-0,019908	0,003292	0,015823	0,207920	0,010005	
-0,019870	0,002643	0,015727	0,167960	0,013680	
-0,019833	0,002056	0,015624	0,131479	0,008029	
-0,019795	0,001535	0,015515	0,098861	0,010499	
-0,019757	0,001086	0,015400	0,070447	0,011024	
-0,019720	0,000711	0,015278	0,046535	0,017139	
-0,019682	0,000415	0,015151	0,027375	0,012321	
-0,019645	0,000198	0,015017	0,013169	0,017664	
-0,019607	0,000061	0,014877	0,004065	0,012290	
-0,019570	0,000002	0,014732	0,000159	0,017324	
-0,019532	0,000022	0,014581	0,001491	0,016274	
-0,019495	0,000116	0,014424	0,008048	0,019547	
-0,019457	0,000282	0,014262	0,019761	0,017169	
-0,019420	0,000515	0,014094	0,036507	0,024519	
-0,019382	0,000809	0,013921	0,058111	0,018343	
-0,019345	0,001160	0,013743	0,084347	0,022234	
-0,019307	0,001560	0,013560	0,114939	0,022759	
-0,019270	0,002001	0,013371	0,149567	0,031405	
-0,019232	0,002477	0,013178	0,187868	0,027669	
-0,019195	0,002980	0,012981	0,229441	0,029089	
-0,019157	0,003502	0,012779	0,273850	0,025847	
-0,019120	0,004034	0,012573	0,320629	0,028688	
-0,019082	0,004568	0,012362	0,369288	0,028935	
-0,019044	0,005097	0,012148	0,419318	0,038199	
-0,019007	0,005613	0,011930	0,470193	0,036995	
-0,018969	0,006108	0,011708	0,521381	0,040978	
-0,018932	0,006576	0,011482	0,572345	0,031807	
-0,018894	0,007010	0,011254	0,622551	0,039218	
-0,018857	0,007406	0,011022	0,671472	0,038878	
-0,018819	0,007757	0,010787	0,718597	0,042244	
-0,018782	0,008059	0,010550	0,763431	0,034463	
-0,018744	0,008310	0,010310	0,805503	0,044437	
-0,018707	0,008507	0,010068	0,844374	0,044221	
-0,018669	0,008647	0,009824	0,879635	0,045857	
-0,018632	0,008730	0,009578	0,910917	0,036501	
-0,018594	0,008756	0,009330	0,937893	0,036871	
-0,018557	0,008726	0,009081	0,960278	0,032424	
-0,018519	0,008641	0,008831	0,977840	0,037520	
-0,018482	0,008502	0,008579	0,990392	0,031035	
-0,018444	0,008314	0,008327	0,997805	0,034648	
-0,018407	0,008080	0,008074	1,000000	0,031529	
-0,018369	0,007803	0,007821	0,996954	0,032980	
-0,018331	0,007487	0,007568	0,988699	0,023500	
-0,018294	0,007139	0,007315	0,975322	0,027576	
-0,018256	0,006763	0,007063	0,956962	0,025569	
-0,018219	0,006364	0,006811	0,933812	0,032857	
-0,018181	0,005948	0,006560	0,906116	0,023840	
-0,018144	0,005519	0,006310	0,874162	0,023932	
-0,018106	0,005084	0,006061	0,838286	0,018621	
-0,018069	0,004648	0,005814	0,798864	0,028472	
-0,018031	0,004214	0,005569	0,756310	0,019362	
-0,017994	0,003789	0,005326	0,711069	0,018466	
-0,017956	0,003377	0,005085	0,663615	0,016552	
-0,017919	0,002980	0,004847	0,614446	0,018034	
-0,017881	0,002603	0,004612	0,564078	0,011024	
-0,017844	0,002248	0,004379	0,513037	0,016397	
-0,017806	0,001918	0,004151	0,461861	0,013186	
-0,017769	0,001615	0,003925	0,411083	0,018219	
-0,017731	0,001339	0,003704	0,361238	0,010499	
-0,017694	0,001091	0,003486	0,312848	0,014020	
-0,017656	0,000873	0,003273	0,266419	0,008430	
-0,017618	0,000682	0,003065	0,222439	0,015965	
-0,017581	0,000519	0,002861	0,181369	0,009727	
-0,017543	0,000383	0,002663	0,143639	0,015471	
-0,017506	0,000271	0,002469	0,109644	0,013464	
-0,017468	0,000182	0,002282	0,079742	0,024087	
-0,017431	0,000114	0,002100	0,054245	0,012414	
-0,017393	0,000064	0,001924	0,033421	0,011395	
-0,017356	0,000031	0,001754	0,017488	0,008585	
-0,017318	0,000011	0,001591	0,006614	0,013711	
-0,017281	0,000001	0,001434	0,000912	0,010407	
-0,017243	0,000001	0,001285	0,000442	0,012537	
-0,017206	0,000006	0,001142	0,005209	0,007350	
-0,017168	0,000015	0,001007	0,015163	0,015317	
-0,017131	0,000027	0,000880	0,030200	0,011364	
-0,017093	0,000038	0,000760	0,050162	0,016150	
-0,017056	0,000049	0,000648	0,074840	0,012321	
-0,017018	0,000057	0,000545	0,103976	0,016089	
-0,016981	0,000062	0,000450	0,137263	0,014699	
-0,016943	0,000063	0,000363	0,174353	0,022388	
-0,016905	0,000061	0,000285	0,214857	0,014792	
-0,016868	0,000056	0,000217	0,258351	0,019702	
-0,016830	0,000048	0,000157	0,304378	0,019794	
-0,016793	0,000038	0,000107	0,352457	0,024303	
-0,016755	0,000027	0,000066	0,402082	0,018528	
-0,016718	0,000016	0,000035	0,452734	0,024365	
-0,016680	0,000007	0,000013	0,503882	0,028626	
-0,016643	0,000001	0,000002	0,554989	0,036223	
-0,016605	0,000000	0,000001	0,605520	0,032146	
-0,016568	0,000006	0,000010	0,654945	0,038539	
-0,016530	0,000020	0,000029	0,702745	0,034092	
-0,016493	0,000044	0,000059	0,748421	0,044375	
-0,016455	0,000079	0,000099	0,791492	0,039867	
-0,016418	0,000125	0,000150	0,831507	0,045796	
-0,016380	0,000184	0,000212	0,868046	0,036686	
-0,016343	0,000257	0,000285	0,900728	0,042553	
-0,016305	0,000343	0,000369	0,929208	0,044715	
-0,016268	0,000443	0,000464	0,953188	0,055708	
-0,016230	0,000555	0,000571	0,972417	0,058580	
-0,016192	0,000679	0,000688	0,986693	0,065343	
-0,016155	0,000814	0,000817	0,995867	0,059198	
-0,016117	0,000958	0,000957	0,999842	0,067813	
-0,016080	0,001108	0,001109	0,998576	0,060773	
-0,016042	0,001263	0,001272	0,992084	0,066547	
-0,016005	0,001419	0,001446	0,980432	0,067412	
-0,015967	0,001574	0,001632	0,963743	0,073866	
-0,015930	0,001725	0,001830	0,942192	0,066640	
-0,015892	0,001869	0,002039	0,916005	0,066609	
-0,015855	0,002002	0,002260	0,885456	0,055924	
-0,015817	0,002122	0,002492	0,850866	0,062317	
-0,015780	0,002224	0,002735	0,812597	0,058765	
-0,015742	0,002307	0,002990	0,771050	0,060217	
-0,015705	0,002368	0,003257	0,726662	0,051786	
-0,015667	0,002405	0,003535	0,679898	0,056202	
-0,015630	0,002415	0,003824	0,631247	0,045518	
-0,015592	0,002398	0,004124	0,581220	0,047432	
-0,015555	0,002354	0,004435	0,530341	0,045641	
-0,015517	0,002281	0,004758	0,479144	0,047895	
-0,015479	0,002181	0,005091	0,428166	0,037118	
-0,015442	0,002056	0,005436	0,377941	0,039342	
-0,015404	0,001906	0,005791	0,328996	0,027267	
-0,015367	0,001736	0,006157	0,281844	0,027607	
-0,015329	0,001549	0,006533	0,236980	0,022512	
-0,015292	0,001349	0,006920	0,194873	0,027453	
-0,015254	0,001142	0,007317	0,155965	0,018714	
-0,015217	0,000933	0,007724	0,120665	0,018497	
-0,015179	0,000728	0,008140	0,089342	0,009573	
-0,015142	0,000534	0,008567	0,062326	0,012383	
-0,015104	0,000359	0,009003	0,039898	0,010777	
-0,015067	0,000211	0,009449	0,022295	0,016089	
-0,015029	0,000096	0,009904	0,009701	0,010623	
-0,014992	0,000023	0,010367	0,002248	0,013433	
-0,014954	0,000000	0,010840	0,000014	0,009357	
-0,014917	0,000034	0,011321	0,003023	0,014452	
-0,014879	0,000133	0,011810	0,011244	0,009604	
-0,014842	0,000303	0,012307	0,024589	0,013217	
-0,014804	0,000550	0,012812	0,042919	0,011796	
-0,014767	0,000881	0,013325	0,066043	0,020010	
-0,014729	0,001298	0,013844	0,093716	0,018683	
-0,014691	0,001807	0,014371	0,125650	0,029707	
-0,014654	0,002409	0,014905	0,161510	0,030572	
-0,014616	0,003105	0,015445	0,200919	0,036068	
-0,014579	0,003896	0,015991	0,243465	0,035914	
-0,014541	0,004779	0,016543	0,288700	0,040824	
-0,014504	0,005752	0,017100	0,336152	0,042275	
-0,014466	0,006810	0,017662	0,385322	0,052003	
-0,014429	0,007948	0,018230	0,435694	0,052497	
-0,014391	0,009157	0,018802	0,486741	0,061915	
-0,014354	0,010431	0,019378	0,537927	0,059846	
-0,014316	0,011757	0,019958	0,588716	0,068832	
-0,014279	0,013126	0,020541	0,638574	0,068277	
-0,014241	0,014524	0,021128	0,686980	0,081339	
-0,014204	0,015938	0,021717	0,733425	0,085137	
-0,014166	0,017355	0,022309	0,777422	0,092857	
-0,014129	0,018758	0,022903	0,818510	0,092147	
-0,014091	0,020134	0,023499	0,856259	0,099373	
-0,014054	0,021465	0,024096	0,890272	0,101380	
-0,014016	0,022737	0,024693	0,920192	0,110521	
-0,013978	0,023934	0,025291	0,945707	0,105982	
-0,013941	0,025040	0,025890	0,966547	0,110706	
-0,013903	0,026041	0,026488	0,982495	0,109039	
-0,013866	0,026923	0,027085	0,993384	0,113671	
-0,013828	0,027674	0,027681	0,999099	0,102461	
-0,013791	0,028282	0,028276	0,999580	0,108298	
-0,013753	0,028738	0,028869	0,994822	0,101967	
-0,013716	0,029033	0,029460	0,984875	0,100701	
-0,013678	0,029160	0,030047	0,969844	0,092703	
-0,013641	0,029115	0,030632	0,949886	0,101319	
-0,013603	0,028897	0,031213	0,925209	0,101349	
-0,013566	0,028504	0,031790	0,896074	0,103110	
-0,013528	0,027940	0,032363	0,862785	0,091406	
-0,013491	0,027208	0,032931	0,825692	0,098570	
-0,013453	0,026315	0,033493	0,785183	0,093506	
-0,013416	0,025270	0,034050	0,741684	0,096810	
-0,013378	0,024085	0,034601	0,695650	0,085508	
-0,013341	0,022773	0,035145	0,647565	0,076985	
-0,013303	0,021349	0,035682	0,597931	0,056418	
-0,013265	0,019831	0,036212	0,547271	0,063521	
-0,013228	0,018236	0,036734	0,496116	0,061915	
-0,013190	0,016586	0,037248	0,445000	0,063984	
-0,013153	0,014902	0,037754	0,394462	0,056326	
-0,013115	0,013206	0,038250	0,345031	0,062008	
-0,013078	0,011521	0,038737	0,297224	0,051972	
-0,013040	0,009870	0,039214	0,251545	0,054010	
-0,013003	0,008278	0,039681	0,208471	0,046722	
-0,012965	0,006766	0,040138	0,168454	0,043510	
-0,012928	0,005357	0,040583	0,131914	0,031220	
-0,012890	0,004073	0,041017	0,099235	0,032857	
-0,012853	0,002934	0,041439	0,070759	0,027545	
-0,012815	0,001959	0,041849	0,046784	0,030819	
-0,012778	0,001165	0,042246	0,027563	0,025075	
-0,012740	0,000567	0,042631	0,013296	0,024920	
-0,012703	0,000178	0,043002	0,004134	0,015409	
-0,012665	0,000007	0,043360	0,000172	0,015193	
-0,012628	0,000064	0,043703	0,001452	0,016737	
-0,012590	0,000351	0,044033	0,007961	0,022450	
-0,012552	0,000871	0,044348	0,019630	0,013001	
-0,012515	0,001623	0,044647	0,036338	0,015224	
-0,012477	0,002604	0,044932	0,057908	0,012229	
-0,012440	0,003805	0,045201	0,084115	0,017355	
-0,012402	0,005216	0,045454	0,114684	0,011580	
-0,012365	0,006826	0,045691	0,149294	0,012908	
-0,012327	0,008618	0,045912	0,187582	0,012599	
-0,012290	0,010574	0,046116	0,229147	0,020721	
-0,012252	0,012674	0,046303	0,273553	0,013495	
-0,012215	0,014896	0,046472	0,320334	0,018096	
-0,012177	0,017215	0,046625	0,369000	0,017911	
-0,012140	0,019606	0,046759	0,419039	0,026279	
-0,012102	0,022042	0,046876	0,469928	0,020875	
-0,012065	0,024496	0,046975	0,521132	0,025600	
-0,012027	0,026938	0,047055	0,572115	0,021493	
-0,011990	0,029342	0,047117	0,622342	0,026279	
-0,011952	0,031678	0,047161	0,671286	0,028873	
-0,011915	0,033921	0,047185	0,718433	0,041040	
-0,011877	0,036043	0,047191	0,763290	0,042924	
-0,011839	0,038020	0,047178	0,805385	0,051200	
-0,011802	0,039829	0,047145	0,844278	0,048637	
-0,011764	0,041448	0,047094	0,879559	0,056202	
-0,011727	0,042858	0,047023	0,910860	0,054998	
-0,011689	0,044044	0,046932	0,937852	0,066516	
-0,011652	0,044990	0,046823	0,960252	0,067721	
-0,011614	0,045687	0,046693	0,977825	0,081061	
-0,011577	0,046127	0,046545	0,990386	0,083037	
-0,011539	0,046304	0,046377	0,997803	0,098107	
-0,011502	0,046218	0,046189	1,000000	0,097520	
-0,011464	0,045871	0,045982	0,996953	0,107062	
-0,011427	0,045267	0,045755	0,988693	0,100763	
-0,011389	0,044414	0,045509	0,975308	0,101072	
-0,011352	0,043324	0,045244	0,956937	0,094525	
-0,011314	0,042009	0,044960	0,933774	0,110675	
-0,011277	0,040487	0,044656	0,906061	0,109347	
-0,011239	0,038777	0,044334	0,874090	0,117438	
-0,011202	0,036898	0,043993	0,838194	0,119569	
-0,011164	0,034874	0,043633	0,798752	0,127783	
-0,011126	0,032729	0,043255	0,756176	0,122379	
-0,011089	0,030488	0,042858	0,710913	0,132168	
-0,011051	0,028176	0,042443	0,663438	0,135225	
-0,011014	0,025821	0,042011	0,614249	0,150573	
-0,010976	0,023449	0,041560	0,563861	0,153939	
-0,010939	0,021086	0,041093	0,512804	0,147701	
-0,010901	0,018757	0,040608	0,461612	0,123645	
-0,010864	0,016487	0,040107	0,410823	0,129636	
-0,010826	0,014300	0,039589	0,360969	0,128555	
-0,010789	0,012216	0,039056	0,312574	0,130346	
-0,010751	0,010255	0,038506	0,266145	0,125838	
-0,010714	0,008435	0,037941	0,222168	0,130593	
-0,010676	0,006771	0,037361	0,181106	0,121545	
-0,010639	0,005275	0,036767	0,143389	0,119723	
-0,010601	0,003959	0,036158	0,109412	0,109378	
-0,010564	0,002828	0,035536	0,079532	0,102152	
-0,010526	0,001888	0,034901	0,054063	0,091931	
-0,010489	0,001140	0,034253	0,033271	0,097767	
-0,010451	0,000584	0,033592	0,017375	0,092425	
-0,010413	0,000215	0,032920	0,006542	0,088719	
-0,010376	0,000029	0,032237	0,000884	0,075039	
-0,010338	0,000015	0,031543	0,000462	0,072137	
-0,010301	0,000163	0,030839	0,005280	0,062656	
-0,010263	0,000461	0,030126	0,015287	0,059599	
-0,010226	0,000894	0,029404	0,030378	0,050088	
-0,010188	0,001446	0,028674	0,050396	0,049100	
-0,010151	0,002100	0,027936	0,075130	0,038261	
-0,010113	0,002838	0,027191	0,104321	0,033938	
-0,010076	0,003642	0,026440	0,137662	0,028564	
-0,010038	0,004492	0,025684	0,174804	0,033845	
-0,010001	0,005371	0,024922	0,215357	0,026465	
-0,009963	0,006258	0,024157	0,258897	0,024612	
-0,009926	0,007137	0,023388	0,304965	0,022296	
-0,009888	0,007991	0,022617	0,353080	0,030139	
-0,009851	0,008803	0,021844	0,402735	0,027175	
-0,009813	0,009560	0,021070	0,453411	0,036223	
-0,009776	0,010247	0,020296	0,504576	0,031313	
-0,009738	0,010856	0,019523	0,555693	0,035543	
-0,009700	0,011374	0,018751	0,606227	0,035976	
-0,009663	0,011797	0,017981	0,655645	0,043603	
-0,009625	0,012117	0,017214	0,703432	0,046876	
-0,009588	0,012332	0,016452	0,749084	0,064602	
-0,009550	0,012440	0,015695	0,792124	0,076923	
-0,009513	0,012442	0,014943	0,832100	0,089677	
-0,009475	0,012341	0,014198	0,868592	0,086867	
-0,009438	0,012140	0,013462	0,901218	0,099960	
-0,009400	0,011845	0,012733	0,929635	0,109317	
-0,009363	0,011464	0,012015	0,953546	0,130624	
-0,009325	0,011005	0,011307	0,972699	0,136738	
-0,009288	0,010478	0,010610	0,986893	0,150480	
-0,009250	0,009893	0,009927	0,995980	0,151190	
-0,009213	0,009261	0,009256	0,999865	0,168483	
-0,009175	0,008594	0,008601	0,998506	0,165364	
-0,009138	0,007902	0,007961	0,991918	0,178550	
-0,009100	0,007197	0,007338	0,980169	0,186116	
-0,009063	0,006490	0,006732	0,963384	0,195874	
-0,009025	0,005791	0,006146	0,941738	0,190223	
-0,008987	0,005110	0,005579	0,915458	0,198561	
-0,008950	0,004456	0,005033	0,884819	0,189050	
-0,008912	0,003835	0,004508	0,850144	0,218695	
-0,008875	0,003255	0,004007	0,811797	0,230182	
-0,008837	0,002721	0,003530	0,770178	0,236389	
-0,008800	0,002236	0,003079	0,725725	0,228607	
-0,008762	0,001802	0,002653	0,678904	0,230862	
-0,008725	0,001422	0,002255	0,630207	0,219158	
-0,008687	0,001095	0,001886	0,580144	0,226292	
-0,008650	0,000818	0,001546	0,529240	0,218448	
-0,008612	0,000591	0,001236	0,478029	0,235123	
-0,008575	0,000410	0,000959	0,427049	0,229503	
-0,008537	0,000269	0,000714	0,376834	0,226415	
-0,008500	0,000165	0,000504	0,327911	0,211654	
-0,008462	0,000092	0,000328	0,280794	0,214989	
-0,008425	0,000045	0,000189	0,235976	0,210604	
-0,008387	0,000017	0,000087	0,193928	0,215422	
-0,008350	0,000004	0,000024	0,155091	0,208010	
-0,008312	0,000000	0,000000	0,119872	0,203841	
-0,008274	0,000002	0,000017	0,088641	0,189112	
-0,008237	0,000005	0,000076	0,061726	0,189390	
-0,008199	0,000007	0,000178	0,039408	0,177130	
-0,008162	0,000007	0,000323	0,021922	0,178643	
-0,008124	0,000005	0,000514	0,009451	0,169348	
-0,008087	0,000002	0,000751	0,002127	0,150264	
-0,008049	0,000000	0,001035	0,000026	0,125560	
-0,008012	0,000004	0,001368	0,003170	0,127196	
-0,007974	0,000020	0,001750	0,011526	0,119445	
-0,007937	0,000055	0,002182	0,025007	0,113763	
-0,007899	0,000116	0,002666	0,043470	0,104993	
-0,007862	0,000214	0,003202	0,066724	0,097706	
-0,007824	0,000359	0,003792	0,094522	0,080258	
-0,007787	0,000562	0,004437	0,126575	0,082976	
-0,007749	0,000836	0,005137	0,162545	0,079054	
-0,007712	0,001192	0,005894	0,202055	0,070870	
-0,007674	0,001643	0,006709	0,244692	0,055121	
-0,007637	0,002200	0,007582	0,290006	0,058549	
-0,007599	0,002876	0,008514	0,337524	0,053361	
-0,007562	0,003679	0,009508	0,386747	0,050119	
-0,007524	0,004620	0,010562	0,437158	0,039095	
-0,007486	0,005706	0,011679	0,488228	0,038230	
-0,007449	0,006941	0,012860	0,539422	0,030850	
-0,007411	0,008330	0,014104	0,590202	0,031776	
-0,007374	0,009872	0,015414	0,640037	0,031560	
-0,007336	0,011565	0,016789	0,688402	0,041565	
-0,007299	0,013405	0,018231	0,734791	0,032733	
-0,007261	0,015382	0,019741	0,778716	0,034679	
-0,007224	0,017487	0,021319	0,819718	0,029676	
-0,007186	0,019703	0,022966	0,857366	0,039712	
-0,007149	0,022014	0,024683	0,891265	0,039002	
-0,007111	0,024397	0,026471	0,921059	0,049378	
-0,007074	0,026830	0,028330	0,946436	0,049501	
-0,007036	0,029286	0,030262	0,967130	0,064293	
-0,006999	0,031735	0,032266	0,982922	0,065559	
-0,006961	0,034147	0,034343	0,993649	0,077325	
-0,006924	0,036489	0,036495	0,999197	0,082821	
-0,006886	0,038727	0,038721	0,999507	0,094216	
-0,006849	0,040826	0,041023	0,994578	0,098014	
-0,006811	0,042753	0,043400	0,984459	0,123151	
-0,006773	0,044472	0,045854	0,969258	0,143038	
-0,006736	0,045953	0,048384	0,949135	0,155977	
-0,006698	0,047162	0,050992	0,924299	0,153970	
-0,006661	0,048073	0,053678	0,895012	0,180805	
-0,006623	0,048660	0,056442	0,861580	0,188185	
-0,006586	0,048903	0,059284	0,824356	0,204953	
-0,006548	0,048784	0,062206	0,783728	0,210265	
-0,006511	0,048292	0,065207	0,740124	0,237841	
-0,006473	0,047422	0,068288	0,694001	0,243245	
-0,006436	0,046174	0,071448	0,645842	0,260105	
-0,006398	0,044555	0,074689	0,596154	0,258500	
-0,006361	0,042579	0,078011	0,545457	0,260631	
-0,006323	0,040267	0,081413	0,494282	0,254238	
-0,006286	0,037647	0,084896	0,443168	0,284038	
-0,006248	0,034756	0,088460	0,392651	0,293395	
-0,006211	0,031636	0,092105	0,343259	0,315289	
-0,006173	0,028337	0,095831	0,295512	0,315906	
-0,006136	0,024917	0,099639	0,249910	0,324924	
-0,006098	0,021437	0,103528	0,206933	0,323441	
-0,006060	0,017967	0,107498	0,167030	0,348053	
-0,006023	0,014580	0,111549	0,130620	0,340672	
-0,005985	0,011354	0,115681	0,098086	0,343946	
-0,005948	0,008370	0,119895	0,069769	0,328506	
-0,005910	0,005712	0,124189	0,045966	0,344934	
-0,005873	0,003464	0,128564	0,026926	0,334311	
-0,005835	0,001710	0,133019	0,012849	0,329031	
-0,005798	0,000535	0,137555	0,003884	0,318099	
-0,005760	0,000018	0,142170	0,000124	0,332860	
-0,005723	0,000236	0,146866	0,001608	0,327147	
-0,005685	0,001263	0,151640	0,008322	0,332211	
-0,005648	0,003162	0,156494	0,020194	0,317049	
-0,005610	0,005993	0,161426	0,037100	0,321434	
-0,005573	0,009803	0,166436	0,058863	0,308773	
-0,005535	0,014632	0,171523	0,085254	0,311861	
-0,005498	0,020508	0,176688	0,115997	0,283791	
-0,005460	0,027447	0,181929	0,150768	0,276441	
-0,005423	0,035450	0,187246	0,189204	0,259303	
-0,005385	0,044509	0,192638	0,230901	0,250502	
-0,005347	0,054597	0,198105	0,275421	0,224161	
-0,005310	0,065676	0,203646	0,322298	0,207547	
-0,005272	0,077693	0,209260	0,371039	0,176358	
-0,005235	0,090579	0,214946	0,421133	0,173548	
-0,005197	0,104251	0,220704	0,472055	0,159096	
-0,005160	0,118614	0,226533	0,523270	0,146744	
-0,005122	0,133558	0,232432	0,574241	0,122626	
-0,005085	0,148960	0,238400	0,624434	0,115369	
-0,005047	0,164689	0,244437	0,673320	0,096717	
-0,005010	0,180602	0,250540	0,720389	0,102739	
-0,004972	0,196546	0,256710	0,765145	0,099960	
-0,004935	0,212363	0,262945	0,807120	0,118550	
-0,004897	0,227891	0,269243	0,845872	0,128215	
-0,004860	0,242963	0,275605	0,880996	0,149121	
-0,004822	0,257410	0,282029	0,912123	0,159219	
-0,004785	0,271066	0,288514	0,938925	0,197171	
-0,004747	0,283769	0,295058	0,961123	0,217367	
-0,004710	0,295359	0,301661	0,978482	0,257141	
-0,004672	0,305686	0,308321	0,990821	0,281567	
-0,004634	0,314611	0,315036	0,998011	0,314455	
-0,004597	0,322004	0,321806	0,999976	0,327764	
-0,004559	0,327753	0,328629	0,996695	0,359787	
-0,004522	0,331758	0,335504	0,988203	0,377235	
-0,004484	0,333942	0,342430	0,974588	0,412099	
-0,004447	0,334242	0,349404	0,955995	0,418769	
-0,004409	0,332622	0,356426	0,932617	0,444184	
-0,004372	0,329063	0,363494	0,904700	0,463638	
-0,004334	0,323575	0,370607	0,872537	0,500880	
-0,004297	0,316187	0,377762	0,836465	0,517308	
-0,004259	0,306956	0,384959	0,796864	0,555785	
-0,004222	0,295962	0,392195	0,754147	0,573356	
-0,004184	0,283311	0,399470	0,708764	0,603866	
-0,004147	0,269132	0,406782	0,661191	0,596331	
-0,004109	0,253578	0,414128	0,611927	0,622116	
-0,004072	0,236823	0,421507	0,561488	0,636784	
-0,004034	0,219062	0,428918	0,510404	0,698175	
-0,003997	0,200509	0,436359	0,459212	0,700244	
-0,003959	0,181396	0,443828	0,408447	0,716703	
-0,003921	0,161967	0,451323	0,358643	0,691875	
-0,003884	0,142480	0,458842	0,310322	0,719112	
-0,003846	0,123200	0,466384	0,263991	0,736220	
-0,003809	0,104400	0,473946	0,220137	0,756384	
-0,003771	0,086354	0,481528	0,179219	0,732884	
-0,003734	0,069337	0,489126	0,141667	0,734861	
-0,003696	0,053620	0,496739	0,107874	0,748819	
-0,003659	0,039465	0,504366	0,078196	0,775283	
-0,003621	0,027125	0,512004	0,052944	0,758453	
-0,003584	0,016838	0,519651	0,032383	0,757095	
-0,003546	0,008826	0,527306	0,016728	0,730260	
-0,003509	0,003289	0,534965	0,006143	0,722292	
-0,003471	0,000402	0,542629	0,000741	0,726709	
-0,003434	0,000318	0,550293	0,000577	0,763425	
-0,003396	0,003156	0,557957	0,005653	0,733378	
-0,003359	0,009008	0,565618	0,015916	0,732545	
-0,003321	0,017931	0,573274	0,031258	0,700614	
-0,003284	0,029948	0,580924	0,051519	0,693635	
-0,003246	0,045045	0,588565	0,076485	0,633480	
-0,003208	0,063175	0,596194	0,105895	0,624772	
-0,003171	0,084250	0,603811	0,139441	0,616465	
-0,003133	0,108148	0,611413	0,176769	0,623815	
-0,003096	0,134711	0,618997	0,217489	0,600531	
-0,003058	0,163746	0,626563	0,261174	0,578483	
-0,003021	0,195026	0,634107	0,307364	0,541303	
-0,002983	0,228293	0,641627	0,355576	0,526017	
-0,002946	0,263259	0,649122	0,405303	0,504400	
-0,002908	0,299612	0,656590	0,456024	0,483834	
-0,002871	0,337014	0,664027	0,507206	0,447519	
-0,002833	0,375109	0,671433	0,558313	0,433746	
-0,002796	0,413526	0,678805	0,608808	0,389155	
-0,002758	0,451880	0,686140	0,658162	0,380663	
-0,002721	0,489780	0,693438	0,705856	0,351234	
-0,002683	0,526832	0,700695	0,751390	0,339036	
-0,002646	0,562643	0,707910	0,794287	0,291233	
-0,002608	0,596827	0,715080	0,834096	0,280178	
-0,002571	0,629008	0,722204	0,870400	0,250286	
-0,002533	0,658827	0,729279	0,902817	0,258932	
-0,002495	0,685943	0,736304	0,931008	0,245561	
-0,002458	0,710042	0,743276	0,954677	0,270821	
-0,002420	0,730836	0,750193	0,973575	0,279622	
-0,002383	0,748071	0,757053	0,987504	0,312757	
-0,002345	0,761529	0,763855	0,996318	0,333261	
-0,002308	0,771030	0,770595	0,999925	0,386159	
-0,002270	0,776437	0,777273	0,998286	0,415002	
-0,002233	0,777656	0,783885	0,991419	0,425470	
-0,002195	0,774640	0,790431	0,979396	0,443412	
-0,002158	0,767389	0,796908	0,962343	0,498873	
-0,002120	0,755951	0,803314	0,940439	0,531544	
-0,002083	0,740421	0,809648	0,913913	0,594417	
-0,002045	0,720943	0,815907	0,883045	0,631103	
-0,002008	0,697707	0,822089	0,848157	0,672421	
-0,001970	0,670948	0,828193	0,809617	0,657660	
-0,001933	0,640944	0,834217	0,767828	0,726245	
-0,001895	0,608015	0,840158	0,723229	0,734027	
-0,001858	0,572516	0,846016	0,676288	0,794954	
-0,001820	0,534836	0,851788	0,627497	0,794120	
-0,001782	0,495394	0,857472	0,577368	0,796776	
-0,001745	0,454633	0,863067	0,526428	0,817744	
-0,001707	0,413018	0,868571	0,475210	0,883426	
-0,001670	0,371027	0,873983	0,424253	0,922243	
-0,001632	0,329148	0,879300	0,374091	0,938239	
-0,001595	0,287874	0,884521	0,325249	0,928883	
-0,001557	0,247694	0,889644	0,278242	0,931631	
-0,001520	0,209093	0,894668	0,233561	0,937869	
-0,001482	0,172541	0,899592	0,191676	0,952568	
-0,001445	0,138488	0,904413	0,153026	0,983078	
-0,001407	0,107362	0,909130	0,118017	0,994318	
-0,001370	0,079561	0,913742	0,087016	0,985641	
-0,001332	0,055451	0,918247	0,060349	0,978661	
-0,001295	0,035355	0,922644	0,038295	0,987864	
-0,001257	0,019557	0,926931	0,021085	0,991322	
-0,001220	0,008292	0,931108	0,008900	1,000000	
-0,001182	0,001749	0,935172	0,001869	0,995831	
-0,001145	0,000060	0,939123	0,000064	0,983356	
-0,001107	0,003307	0,942959	0,003505	0,977982	
-0,001069	0,011515	0,946679	0,012156	0,959021	
-0,001032	0,024652	0,950281	0,025925	0,954513	
-0,000994	0,042631	0,953766	0,044669	0,946762	
-0,000957	0,065309	0,957131	0,068191	0,963685	
-0,000919	0,092489	0,960375	0,096243	0,939072	
-0,000882	0,123920	0,963498	0,128532	0,902016	
-0,000844	0,159303	0,966499	0,164719	0,890406	
-0,000807	0,198291	0,969376	0,204424	0,873452	
-0,000769	0,240494	0,972129	0,247231	0,835994	
-0,000732	0,285483	0,974756	0,292690	0,806194	
-0,000694	0,332796	0,977257	0,340324	0,759905	
-0,000657	0,381941	0,979631	0,389633	0,741500	
-0,000619	0,432402	0,981878	0,440101	0,696199	
-0,000582	0,483646	0,983996	0,491197	0,671031	
-0,000544	0,535127	0,985986	0,542386	0,633696	
-0,000507	0,586296	0,987845	0,593131	0,624340	
-0,000469	0,636602	0,989574	0,642898	0,582806	
-0,000432	0,685502	0,991172	0,691165	0,559676	
-0,000394	0,732468	0,992639	0,737428	0,518019	
-0,000356	0,776988	0,993974	0,781198	0,487941	
-0,000319	0,818577	0,995177	0,822019	0,451842	
-0,000281	0,856783	0,996247	0,859461	0,433252	
-0,000244	0,891185	0,997184	0,893131	0,389247	
-0,000206	0,921408	0,997988	0,922676	0,375753	
-0,000169	0,947120	0,998658	0,947786	0,333570	
-0,000131	0,968037	0,999195	0,968198	0,315227	
-0,000094	0,983930	0,999597	0,983697	0,255412	
-0,000056	0,994624	0,999866	0,994122	0,258253	
-0,000019	1,000000	1,000000	0,999361	0,245159	
0,000019	1,000000	1,000000	0,999361	0,260198	
0,000056	0,994624	0,999866	0,994122	0,261958	
0,000094	0,983930	0,999597	0,983697	0,299447	
0,000131	0,968037	0,999195	0,968198	0,309761	
0,000169	0,947120	0,998658	0,947786	0,353797	
0,000206	0,921408	0,997988	0,922676	0,393725	
0,000244	0,891185	0,997184	0,893131	0,431183	
0,000281	0,856783	0,996247	0,859461	0,435074	
0,000319	0,818577	0,995177	0,822019	0,470864	
0,000356	0,776988	0,993974	0,781198	0,471945	
0,000394	0,732468	0,992639	0,737428	0,506747	
0,000432	0,685502	0,991172	0,691165	0,534385	
0,000469	0,636602	0,989574	0,642898	0,560139	
0,000507	0,586296	0,987845	0,593131	0,573356	
0,000544	0,535127	0,985986	0,542386	0,618781	
0,000582	0,483646	0,983996	0,491197	0,648396	
0,000619	0,432402	0,981878	0,440101	0,685946	
0,000657	0,381941	0,979631	0,389633	0,703116	
0,000694	0,332796	0,977257	0,340324	0,725257	
0,000732	0,285483	0,974756	0,292690	0,733224	
0,000769	0,240494	0,972129	0,247231	0,753235	
0,000807	0,198291	0,969376	0,204424	0,747707	
0,000844	0,159303	0,966499	0,164719	0,742241	
0,000882	0,123920	0,963498	0,128532	0,773338	
0,000919	0,092489	0,960375	0,096243	0,804434	
0,000957	0,065309	0,957131	0,068191	0,791773	
0,000994	0,042631	0,953766	0,044669	0,810888	
0,001032	0,024652	0,950281	0,025925	0,783436	
0,001069	0,011515	0,946679	0,012156	0,774758	
0,001107	0,003307	0,942959	0,003505	0,762653	
0,001145	0,000060	0,939123	0,000064	0,773862	
0,001182	0,001749	0,935172	0,001869	0,773090	
0,001220	0,008292	0,931108	0,008900	0,785536	
0,001257	0,019557	0,926931	0,021085	0,786833	
0,001295	0,035355	0,922644	0,038295	0,764444	
0,001332	0,055451	0,918247	0,060349	0,746410	
0,001370	0,079561	0,913742	0,087016	0,740697	
0,001407	0,107362	0,909130	0,118017	0,712164	
0,001445	0,138488	0,904413	0,153026	0,704166	
0,001482	0,172541	0,899592	0,191676	0,676621	
0,001520	0,209093	0,894668	0,233561	0,678319	
0,001557	0,247694	0,889644	0,278242	0,637958	
0,001595	0,287874	0,884521	0,325249	0,661736	
0,001632	0,329148	0,879300	0,374091	0,625668	
0,001670	0,371027	0,873983	0,424253	0,596795	
0,001707	0,413018	0,868571	0,475210	0,564216	
0,001745	0,454633	0,863067	0,526428	0,560973	
0,001782	0,495394	0,857472	0,577368	0,536207	
0,001820	0,534836	0,851788	0,627497	0,505018	
0,001858	0,572516	0,846016	0,676288	0,474323	
0,001895	0,608015	0,840158	0,723229	0,464380	
0,001933	0,640944	0,834217	0,767828	0,439552	
0,001970	0,670948	0,828193	0,809617	0,408146	
0,002008	0,697707	0,822089	0,848157	0,384955	
0,002045	0,720943	0,815907	0,883045	0,382021	
0,002083	0,740421	0,809648	0,913913	0,347682	
0,002120	0,755951	0,803314	0,940439	0,336071	
0,002158	0,767389	0,796908	0,962343	0,300034	
0,002195	0,774640	0,790431	0,979396	0,270945	
0,002233	0,777656	0,783885	0,991419	0,224531	
0,002270	0,776437	0,777273	0,998286	0,197387	
0,002308	0,771030	0,770595	0,999925	0,155452	
0,002345	0,761529	0,763855	0,996318	0,151067	
0,002383	0,748071	0,757053	0,987504	0,138252	
0,002420	0,730836	0,750193	0,973575	0,135781	
0,002458	0,710042	0,743276	0,954677	0,121916	
0,002495	0,685943	0,736304	0,931008	0,122688	
0,002533	0,658827	0,729279	0,902817	0,122348	
0,002571	0,629008	0,722204	0,870400	0,139332	
0,002608	0,596827	0,715080	0,834096	0,145725	
0,002646	0,562643	0,707910	0,794287	0,150882	
0,002683	0,526832	0,700695	0,751390	0,154464	
0,002721	0,489780	0,693438	0,705856	0,180156	
0,002758	0,451880	0,686140	0,658162	0,195751	
0,002796	0,413526	0,678805	0,608808	0,209647	
0,002833	0,375109	0,671433	0,558313	0,208968	
0,002871	0,337014	0,664027	0,507206	0,230152	
0,002908	0,299612	0,656590	0,456024	0,239817	
0,002946	0,263259	0,649122	0,405303	0,271346	
0,002983	0,228293	0,641627	0,355576	0,282432	
0,003021	0,195026	0,634107	0,307364	0,308495	
0,003058	0,163746	0,626563	0,261174	0,308186	
0,003096	0,134711	0,618997	0,217489	0,325109	
0,003133	0,108148	0,611413	0,176769	0,320508	
0,003171	0,084250	0,603811	0,139441	0,338048	
0,003208	0,063175	0,596194	0,105895	0,329000	
0,003246	0,045045	0,588565	0,076485	0,335176	
0,003284	0,029948	0,580924	0,051519	0,327826	
0,003321	0,017931	0,573274	0,031258	0,342031	
0,003359	0,009008	0,565618	0,015916	0,322484	
0,003396	0,003156	0,557957	0,005653	0,338511	
0,003434	0,000318	0,550293	0,000577	0,336998	
0,003471	0,000402	0,542629	0,000741	0,337060	
0,003509	0,003289	0,534965	0,006143	0,316555	
0,003546	0,008826	0,527306	0,016728	0,310749	
0,003584	0,016838	0,519651	0,032383	0,284316	
0,003621	0,027125	0,512004	0,052944	0,293703	
0,003659	0,039465	0,504366	0,078196	0,275360	
0,003696	0,053620	0,496739	0,107874	0,284378	
0,003734	0,069337	0,489126	0,141667	0,278356	
0,003771	0,086354	0,481528	0,179219	0,279653	
0,003809	0,104400	0,473946	0,220137	0,265479	
0,003846	0,123200	0,466384	0,263991	0,260600	
0,003884	0,142480	0,458842	0,310322	0,241330	
0,003921	0,161967	0,451323	0,358643	0,231634	
0,003959	0,181396	0,443828	0,408447	0,203224	
0,003997	0,200509	0,436359	0,459212	0,199271	
0,004034	0,219062	0,428918	0,510404	0,190316	
0,004072	0,236823	0,421507	0,561488	0,186919	
0,004109	0,253578	0,414128	0,611927	0,174135	
0,004147	0,269132	0,406782	0,661191	0,171232	
0,004184	0,283311	0,399470	0,708764	0,148257	
0,004222	0,295962	0,392195	0,754147	0,135009	
0,004259	0,306956	0,384959	0,796864	0,118982	
0,004297	0,316187	0,377762	0,836465	0,122935	
0,004334	0,323575	0,370607	0,872537	0,116079	
0,004372	0,329063	0,363494	0,904700	0,109100	
0,004409	0,332622	0,356426	0,932617	0,084427	
0,004447	0,334242	0,349404	0,955995	0,080443	
0,004484	0,333942	0,342430	0,974588	0,071550	
0,004522	0,331758	0,335504	0,988203	0,069975	
0,004559	0,327753	0,328629	0,996695	0,049687	
0,004597	0,322004	0,321806	0,999976	0,052836	
0,004634	0,314611	0,315036	0,998011	0,044653	
0,004672	0,305686	0,308321	0,990821	0,043758	
0,004710	0,295359	0,301661	0,978482	0,039002	
0,004747	0,283769	0,295058	0,961123	0,035420	
0,004785	0,271066	0,288514	0,938925	0,030726	
0,004822	0,257410	0,282029	0,912123	0,035451	
0,004860	0,242963	0,275605	0,880996	0,029923	
0,004897	0,227891	0,269243	0,845872	0,035358	
0,004935	0,212363	0,262945	0,807120	0,033691	
0,004972	0,196546	0,256710	0,765145	0,042461	
0,005010	0,180602	0,250540	0,720389	0,045178	
0,005047	0,164689	0,244437	0,673320	0,056635	
0,005085	0,148960	0,238400	0,624434	0,053794	
0,005122	0,133558	0,232432	0,574241	0,062872	
0,005160	0,118614	0,226533	0,523270	0,063984	
0,005197	0,104251	0,220704	0,472055	0,071735	
0,005235	0,090579	0,214946	0,421133	0,068647	
0,005272	0,077693	0,209260	0,371039	0,079671	
0,005310	0,065676	0,203646	0,322298	0,086064	
0,005347	0,054597	0,198105	0,275421	0,105858	
0,005385	0,044509	0,192638	0,230901	0,113177	
0,005423	0,035450	0,187246	0,189204	0,118056	
0,005460	0,027447	0,181929	0,150768	0,113022	
0,005498	0,020508	0,176688	0,115997	0,129945	
0,005535	0,014632	0,171523	0,085254	0,131705	
0,005573	0,009803	0,166436	0,058863	0,148658	
0,005610	0,005993	0,161426	0,037100	0,156255	
0,005648	0,003162	0,156494	0,020194	0,167773	
0,005685	0,001263	0,151640	0,008322	0,168885	
0,005723	0,000236	0,146866	0,001608	0,173826	
0,005760	0,000018	0,142170	0,000124	0,173301	
0,005798	0,000535	0,137555	0,003884	0,176018	
0,005835	0,001710	0,133019	0,012849	0,171880	
0,005873	0,003464	0,128564	0,026926	0,190347	
0,005910	0,005712	0,124189	0,045966	0,195936	
0,005948	0,008370	0,119895	0,069769	0,198715	
0,005985	0,011354	0,115681	0,098086	0,199333	
0,006023	0,014580	0,111549	0,130620	0,211253	
0,006060	0,017967	0,107498	0,167030	0,213847	
0,006098	0,021437	0,103528	0,206933	0,213229	
0,006136	0,024917	0,099639	0,249910	0,189389	
0,006173	0,028337	0,095831	0,295512	0,194145	
0,006211	0,031636	0,092105	0,343259	0,194052	
0,006248	0,034756	0,088460	0,392651	0,198530	
0,006286	0,037647	0,084896	0,443168	0,194639	
0,006323	0,040267	0,081413	0,494282	0,196152	
0,006361	0,042579	0,078011	0,545457	0,189544	
0,006398	0,044555	0,074689	0,596154	0,197542	
0,006436	0,046174	0,071448	0,645842	0,187290	
0,006473	0,047422	0,068288	0,694001	0,186240	
0,006511	0,048292	0,065207	0,740124	0,174073	
0,006548	0,048784	0,062206	0,783728	0,171386	
0,006586	0,048903	0,059284	0,824356	0,152240	
0,006623	0,048660	0,056442	0,861580	0,149523	
0,006661	0,048073	0,053678	0,895012	0,137510	
0,006698	0,047162	0,050992	0,924299	0,128061	
0,006736	0,045953	0,048384	0,949135	0,115863	
0,006773	0,044472	0,045854	0,969258	0,123120	
0,006811	0,042753	0,043400	0,984459	0,103851	
0,006849	0,040826	0,041023	0,994578	0,097428	
0,006886	0,038727	0,038721	0,999507	0,088009	
0,006924	0,036489	0,036495	0,999197	0,082358	
0,006961	0,034147	0,034343	0,993649	0,067412	
0,006999	0,031735	0,032266	0,982922	0,069728	
0,007036	0,029286	0,030262	0,967130	0,062100	
0,007074	0,026830	0,028330	0,946436	0,062378	
0,007111	0,024397	0,026471	0,921059	0,048173	
0,007149	0,022014	0,024683	0,891265	0,042955	
0,007186	0,019703	0,022966	0,857366	0,033166	
0,007224	0,017487	0,021319	0,819718	0,035729	
0,007261	0,015382	0,019741	0,778716	0,032517	
0,007299	0,013405	0,018231	0,734791	0,032239	
0,007336	0,011565	0,016789	0,688402	0,027360	
0,007374	0,009872	0,015414	0,640037	0,030294	
0,007411	0,008330	0,014104	0,590202	0,026773	
0,007449	0,006941	0,012860	0,539422	0,030448	
0,007486	0,005706	0,011679	0,488228	0,033783	
0,007524	0,004620	0,010562	0,437158	0,046104	
0,007562	0,003679	0,009508	0,386747	0,042275	
0,007599	0,002876	0,008514	0,337524	0,046568	
0,007637	0,002200	0,007582	0,290006	0,041997	
0,007674	0,001643	0,006709	0,244692	0,057407	
0,007712	0,001192	0,005894	0,202055	0,067288	
0,007749	0,000836	0,005137	0,162545	0,076923	
0,007787	0,000562	0,004437	0,126575	0,075194	
0,007824	0,000359	0,003792	0,094522	0,090109	
0,007862	0,000214	0,003202	0,066724	0,096903	
0,007899	0,000116	0,002666	0,043470	0,106661	
0,007937	0,000055	0,002182	0,025007	0,101102	
0,007974	0,000020	0,001750	0,011526	0,104067	
0,008012	0,000004	0,001368	0,003170	0,102183	
0,008049	0,000000	0,001035	0,000026	0,115554	
0,008087	0,000002	0,000751	0,002127	0,116635	
0,008124	0,000005	0,000514	0,009451	0,133496	
0,008162	0,000007	0,000323	0,021922	0,138097	
0,008199	0,000007	0,000178	0,039408	0,143254	
0,008237	0,000005	0,000076	0,061726	0,137510	
0,008274	0,000002	0,000017	0,088641	0,144335	
0,008312	0,000000	0,000000	0,119872	0,140537	
0,008350	0,000004	0,000024	0,155091	0,137696	
0,008387	0,000017	0,000087	0,193928	0,124479	
0,008425	0,000045	0,000189	0,235976	0,143223	
0,008462	0,000092	0,000328	0,280794	0,150202	
0,008500	0,000165	0,000504	0,327911	0,141957	
0,008537	0,000269	0,000714	0,376834	0,122317	
0,008575	0,000410	0,000959	0,427049	0,131489	
0,008612	0,000591	0,001236	0,478029	0,134330	
0,008650	0,000818	0,001546	0,529240	0,140104	
0,008687	0,001095	0,001886	0,580144	0,134978	
0,008725	0,001422	0,002255	0,630207	0,139425	
0,008762	0,001802	0,002653	0,678904	0,124788	
0,008800	0,002236	0,003079	0,725725	0,126393	
0,008837	0,002721	0,003530	0,770178	0,115153	
0,008875	0,003255	0,004007	0,811797	0,110984	
0,008912	0,003835	0,004508	0,850144	0,094216	
0,008950	0,004456	0,005033	0,884819	0,097582	
0,008987	0,005110	0,005579	0,915458	0,093321	
0,009025	0,005791	0,006146	0,941738	0,099188	
0,009063	0,006490	0,006732	0,963384	0,092456	
0,009100	0,007197	0,007338	0,980169	0,086589	
0,009138	0,007902	0,007961	0,991918	0,073001	
0,009175	0,008594	0,008601	0,998506	0,071828	
0,009213	0,009261	0,009256	0,999865	0,061606	
0,009250	0,009893	0,009927	0,995980	0,057499	
0,009288	0,010478	0,010610	0,986893	0,049717	
0,009325	0,011005	0,011307	0,972699	0,048112	
0,009363	0,011464	0,012015	0,953546	0,039033	
0,009400	0,011845	0,012733	0,929635	0,041040	
0,009438	0,012140	0,013462	0,901218	0,032424	
0,009475	0,012341	0,014198	0,868592	0,031405	
0,009513	0,012442	0,014943	0,832100	0,024581	
0,009550	0,012440	0,015695	0,792124	0,028225	
0,009588	0,012332	0,016452	0,749084	0,020474	
0,009625	0,012117	0,017214	0,703432	0,021678	
0,009663	0,011797	0,017981	0,655645	0,016027	
0,009700	0,011374	0,018751	0,606227	0,019486	
0,009738	0,010856	0,019523	0,555693	0,015008	
0,009776	0,010247	0,020296	0,504576	0,017108	
0,009813	0,009560	0,021070	0,453411	0,018065	
0,009851	0,008803	0,021844	0,402735	0,025013	
0,009888	0,007991	0,022617	0,353080	0,020412	
0,009926	0,007137	0,023388	0,304965	0,024241	
0,009963	0,006258	0,024157	0,258897	0,017633	
0,010001	0,005371	0,024922	0,215357	0,025754	
0,010038	0,004492	0,025684	0,174804	0,023129	
0,010076	0,003642	0,026440	0,137662	0,029336	
0,010113	0,002838	0,027191	0,104321	0,027360	
0,010151	0,002100	0,027936	0,075130	0,040886	
0,010188	0,001446	0,028674	0,050396	0,042955	
0,010226	0,000894	0,029404	0,030378	0,046197	
0,010263	0,000461	0,030126	0,015287	0,041287	
0,010301	0,000163	0,030839	0,005280	0,048637	
0,010338	0,000015	0,031543	0,000462	0,051509	
0,010376	0,000029	0,032237	0,000884	0,059939	
0,010413	0,000215	0,032920	0,006542	0,056388	
0,010451	0,000584	0,033592	0,017375	0,063336	
0,010489	0,001140	0,034253	0,033271	0,066485	
0,010526	0,001888	0,034901	0,054063	0,077664	
0,010564	0,002828	0,035536	0,079532	0,081586	
0,010601	0,003959	0,036158	0,109412	0,085909	
0,010639	0,005275	0,036767	0,143389	0,081648	
0,010676	0,006771	0,037361	0,181106	0,095266	
0,010714	0,008435	0,037941	0,222168	0,093815	
0,010751	0,010255	0,038506	0,266145	0,100886	
0,010789	0,012216	0,039056	0,312574	0,096964	
0,010826	0,014300	0,039589	0,360969	0,110150	
0,010864	0,016487	0,040107	0,410823	0,110490	
0,010901	0,018757	0,040608	0,461612	0,111169	
0,010939	0,021086	0,041093	0,512804	0,112003	
0,010976	0,023449	0,041560	0,563861	0,126517	
0,011014	0,025821	0,042011	0,614249	0,117654	
0,011051	0,028176	0,042443	0,663438	0,124788	
0,011089	0,030488	0,042858	0,710913	0,126301	
0,011126	0,032729	0,043255	0,756176	0,126610	
0,011164	0,034874	0,043633	0,798752	0,112497	
0,011202	0,036898	0,043993	0,838194	0,118920	
0,011239	0,038777	0,044334	0,874090	0,119137	
0,011277	0,040487	0,044656	0,906061	0,123707	
0,011314	0,042009	0,044960	0,933774	0,112219	
0,011352	0,043324	0,045244	0,956937	0,113887	
0,011389	0,044414	0,045509	0,975308	0,105765	
0,011427	0,045267	0,045755	0,988693	0,107062	
0,011464	0,045871	0,045982	0,996953	0,104561	
0,011502	0,046218	0,046189	1,000000	0,112497	
0,011539	0,046304	0,046377	0,997803	0,100176	
0,011577	0,046127	0,046545	0,990386	0,091900	
0,011614	0,045687	0,046693	0,977825	0,075256	
0,011652	0,044990	0,046823	0,960252	0,081339	
0,011689	0,044044	0,046932	0,937852	0,073804	
0,011727	0,042858	0,047023	0,910860	0,074329	
0,011764	0,041448	0,047094	0,879559	0,063212	
0,011802	0,039829	0,047145	0,844278	0,073526	
0,011839	0,038020	0,047178	0,805385	0,059599	
0,011877	0,036043	0,047191	0,763290	0,053794	
0,011915	0,033921	0,047185	0,718433	0,042584	
0,011952	0,031678	0,047161	0,671286	0,038786	
0,011990	0,029342	0,047117	0,622342	0,027051	
0,012027	0,026938	0,047055	0,572115	0,027422	
0,012065	0,024496	0,046975	0,521132	0,021153	
0,012102	0,022042	0,046876	0,469928	0,022172	
0,012140	0,019606	0,046759	0,419039	0,017509	
0,012177	0,017215	0,046625	0,369000	0,024056	
0,012215	0,014896	0,046472	0,320334	0,014112	
0,012252	0,012674	0,046303	0,273553	0,020010	
0,012290	0,010574	0,046116	0,229147	0,014112	
0,012327	0,008618	0,045912	0,187582	0,021277	
0,012365	0,006826	0,045691	0,149294	0,015903	
0,012402	0,005216	0,045454	0,114684	0,021832	
0,012440	0,003805	0,045201	0,084115	0,012105	
0,012477	0,002604	0,044932	0,057908	0,018868	
0,012515	0,001623	0,044647	0,036338	0,020134	
0,012552	0,000871	0,044348	0,019630	0,026742	
0,012590	0,000351	0,044033	0,007961	0,025415	
0,012628	0,000064	0,043703	0,001452	0,032301	
0,012665	0,000007	0,043360	0,000172	0,029676	
0,012703	0,000178	0,043002	0,004134	0,042738	
0,012740	0,000567	0,042631	0,013296	0,037798	
0,012778	0,001165	0,042246	0,027563	0,045703	
0,012815	0,001959	0,041849	0,046784	0,047772	
0,012853	0,002934	0,041439	0,070759	0,054288	
0,012890	0,004073	0,041017	0,099235	0,053855	
0,012928	0,005357	0,040583	0,131914	0,059043	
0,012965	0,006766	0,040138	0,168454	0,059229	
0,013003	0,008278	0,039681	0,208471	0,069450	
0,013040	0,009870	0,039214	0,251545	0,068400	
0,013078	0,011521	0,038737	0,297224	0,080567	
0,013115	0,013206	0,038250	0,345031	0,081740	
0,013153	0,014902	0,037754	0,394462	0,084056	
0,013190	0,016586	0,037248	0,445000	0,075533	
0,013228	0,018236	0,036734	0,496116	0,078714	
0,013265	0,019831	0,036212	0,547271	0,073989	
0,013303	0,021349	0,035682	0,597931	0,082914	
0,013341	0,022773	0,035145	0,647565	0,087299	
0,013378	0,024085	0,034601	0,695650	0,091005	
0,013416	0,025270	0,034050	0,741684	0,087886	
0,013453	0,026315	0,033493	0,785183	0,088411	
0,013491	0,027208	0,032931	0,825692	0,082358	
0,013528	0,027940	0,032363	0,862785	0,081617	
0,013566	0,028504	0,031790	0,896074	0,071118	
0,013603	0,028897	0,031213	0,925209	0,075750	
0,013641	0,029115	0,030632	0,949886	0,067968	
0,013678	0,029160	0,030047	0,969844	0,073773	
0,013716	0,029033	0,029460	0,984875	0,072013	
0,013753	0,028738	0,028869	0,994822	0,072322	
0,013791	0,028282	0,028276	0,999580	0,060804	
0,013828	0,027674	0,027681	0,999099	0,062471	
0,013866	0,026923	0,027085	0,993384	0,054566	
0,013903	0,026041	0,026488	0,982495	0,051138	
0,013941	0,025040	0,025890	0,966547	0,043819	
0,013978	0,023934	0,025291	0,945707	0,049223	
0,014016	0,022737	0,024693	0,920192	0,043294	
0,014054	0,021465	0,024096	0,890272	0,047895	
0,014091	0,020134	0,023499	0,856259	0,039620	
0,014129	0,018758	0,022903	0,818510	0,041997	
0,014166	0,017355	0,022309	0,777422	0,032733	
0,014204	0,015938	0,021717	0,733425	0,037396	
0,014241	0,014524	0,021128	0,686980	0,025445	
0,014279	0,013126	0,020541	0,638574	0,021832	
0,014316	0,011757	0,019958	0,588716	0,016150	
0,014354	0,010431	0,019378	0,537927	0,025723	
0,014391	0,009157	0,018802	0,486741	0,020196	
0,014429	0,007948	0,018230	0,435694	0,021215	
0,014466	0,006810	0,017662	0,385322	0,011611	
0,014504	0,005752	0,017100	0,336152	0,010839	
0,014541	0,004779	0,016543	0,288700	0,008122	
0,014579	0,003896	0,015991	0,243465	0,017880	
0,014616	0,003105	0,015445	0,200919	0,010623	
0,014654	0,002409	0,014905	0,161510	0,012167	
0,014691	0,001807	0,014371	0,125650	0,008338	
0,014729	0,001298	0,013844	0,093716	0,013340	
0,014767	0,000881	0,013325	0,066043	0,010839	
0,014804	0,000550	0,012812	0,042919	0,014977	
0,014842	0,000303	0,012307	0,024589	0,014359	
0,014879	0,000133	0,011810	0,011244	0,020844	
0,014917	0,000034	0,011321	0,003023	0,013804	
0,014954	0,000000	0,010840	0,000014	0,019084	
0,014992	0,000023	0,010367	0,002248	0,013773	
0,015029	0,000096	0,009904	0,009701	0,018127	
0,015067	0,000211	0,009449	0,022295	0,011148	
0,015104	0,000359	0,009003	0,039898	0,015842	
0,015142	0,000534	0,008567	0,062326	0,013958	
0,015179	0,000728	0,008140	0,089342	0,018744	
0,015217	0,000933	0,007724	0,120665	0,015286	
0,015254	0,001142	0,007317	0,155965	0,022975	
0,015292	0,001349	0,006920	0,194873	0,021956	
0,015329	0,001549	0,006533	0,236980	0,025415	
0,015367	0,001736	0,006157	0,281844	0,017972	
0,015404	0,001906	0,005791	0,328996	0,024704	
0,015442	0,002056	0,005436	0,377941	0,021153	
0,015479	0,002181	0,005091	0,428166	0,030479	
0,015517	0,002281	0,004758	0,479144	0,026773	
0,015555	0,002354	0,004435	0,530341	0,031467	
0,015592	0,002398	0,004124	0,581220	0,026742	
0,015630	0,002415	0,003824	0,631247	0,040669	
0,015667	0,002405	0,003535	0,679898	0,033783	
0,015705	0,002368	0,003257	0,726662	0,034370	
0,015742	0,002307	0,002990	0,771050	0,030695	
0,015780	0,002224	0,002735	0,812597	0,039650	
0,015817	0,002122	0,002492	0,850866	0,037581	
0,015855	0,002002	0,002260	0,885456	0,044530	
0,015892	0,001869	0,002039	0,916005	0,039558	
0,015930	0,001725	0,001830	0,942192	0,043078	
0,015967	0,001574	0,001632	0,963743	0,038601	
0,016005	0,001419	0,001446	0,980432	0,046290	
0,016042	0,001263	0,001272	0,992084	0,039311	
0,016080	0,001108	0,001109	0,998576	0,046722	
0,016117	0,000958	0,000957	0,999842	0,042584	
0,016155	0,000814	0,000817	0,995867	0,047216	
0,016192	0,000679	0,000688	0,986693	0,043047	
0,016230	0,000555	0,000571	0,972417	0,046413	
0,016268	0,000443	0,000464	0,953188	0,041596	
0,016305	0,000343	0,000369	0,929208	0,044869	
0,016343	0,000257	0,000285	0,900728	0,041256	
0,016380	0,000184	0,000212	0,868046	0,044900	
0,016418	0,000125	0,000150	0,831507	0,038539	
0,016455	0,000079	0,000099	0,791492	0,043912	
0,016493	0,000044	0,000059	0,748421	0,037643	
0,016530	0,000020	0,000029	0,702745	0,036408	
0,016568	0,000006	0,000010	0,654945	0,032949	
0,016605	0,000000	0,000001	0,605520	0,040330	
0,016643	0,000001	0,000002	0,554989	0,037149	
0,016680	0,000007	0,000013	0,503882	0,043665	
0,016718	0,000016	0,000035	0,452734	0,033691	
0,016755	0,000027	0,000066	0,402082	0,034185	
0,016793	0,000038	0,000107	0,352457	0,023099	
0,016830	0,000048	0,000157	0,304378	0,025353	
0,016868	0,000056	0,000217	0,258351	0,022759	
0,016905	0,000061	0,000285	0,214857	0,022079	
0,016943	0,000063	0,000363	0,174353	0,016058	
0,016981	0,000062	0,000450	0,137263	0,018034	
0,017018	0,000057	0,000545	0,103976	0,009388	
0,017056	0,000049	0,000648	0,074840	0,013526	
0,017093	0,000038	0,000760	0,050162	0,011642	
0,017131	0,000027	0,000880	0,030200	0,017108	
0,017168	0,000015	0,001007	0,015163	0,011673	
0,017206	0,000006	0,001142	0,005209	0,017725	
0,017243	0,000001	0,001285	0,000442	0,012074	
0,017281	0,000001	0,001434	0,000912	0,018158	
0,017318	0,000011	0,001591	0,006614	0,011426	
0,017356	0,000031	0,001754	0,017488	0,016583	
0,017393	0,000064	0,001924	0,033421	0,012167	
0,017431	0,000114	0,002100	0,054245	0,014668	
0,017468	0,000182	0,002282	0,079742	0,012970	
0,017506	0,000271	0,002469	0,109644	0,020505	
0,017543	0,000383	0,002663	0,143639	0,016984	
0,017581	0,000519	0,002861	0,181369	0,025291	
0,017618	0,000682	0,003065	0,222439	0,024859	
0,017656	0,000873	0,003273	0,266419	0,031313	
0,017694	0,001091	0,003486	0,312848	0,025075	
0,017731	0,001339	0,003704	0,361238	0,032146	
0,017769	0,001615	0,003925	0,411083	0,028719	
0,017806	0,001918	0,004151	0,461861	0,035049	
0,017844	0,002248	0,004379	0,513037	0,034771	
0,017881	0,002603	0,004612	0,564078	0,041781	
0,017919	0,002980	0,004847	0,614446	0,038940	
0,017956	0,003377	0,005085	0,663615	0,049440	
0,017994	0,003789	0,005326	0,711069	0,048853	
0,018031	0,004214	0,005569	0,756310	0,054010	
0,018069	0,004648	0,005814	0,798864	0,049656	
0,018106	0,005084	0,006061	0,838286	0,062842	
0,018144	0,005519	0,006310	0,874162	0,060618	
0,018181	0,005948	0,006560	0,906116	0,066177	
0,018219	0,006364	0,006811	0,933812	0,059476	
0,018256	0,006763	0,007063	0,956962	0,065806	
0,018294	0,007139	0,007315	0,975322	0,065806	
0,018331	0,007487	0,007568	0,988699	0,068369	
0,018369	0,007803	0,007821	0,996954	0,064324	
0,018407	0,008080	0,008074	1,000000	0,072816	
0,018444	0,008314	0,008327	0,997805	0,069913	
0,018482	0,008502	0,008579	0,990392	0,078097	
0,018519	0,008641	0,008831	0,977840	0,066547	
0,018557	0,008726	0,009081	0,960278	0,066238	
0,018594	0,008756	0,009330	0,937893	0,063706	
0,018632	0,008730	0,009578	0,910917	0,069574	
0,018669	0,008647	0,009824	0,879635	0,063089	
0,018707	0,008507	0,010068	0,844374	0,064417	
0,018744	0,008310	0,010310	0,805503	0,059321	
0,018782	0,008059	0,010550	0,763431	0,062193	
0,018819	0,007757	0,010787	0,718597	0,051725	
0,018857	0,007406	0,011022	0,671472	0,054689	
0,018894	0,007010	0,011254	0,622551	0,045579	
0,018932	0,006576	0,011482	0,572345	0,046043	
0,018969	0,006108	0,011708	0,521381	0,043263	
0,019007	0,005613	0,011930	0,470193	0,045672	
0,019044	0,005097	0,012148	0,419318	0,029367	
0,019082	0,004568	0,012362	0,369288	0,036037	
0,019120	0,004034	0,012573	0,320629	0,024241	
0,019157	0,003502	0,012779	0,273850	0,028317	
0,019195	0,002980	0,012981	0,229441	0,025785	
0,019232	0,002477	0,013178	0,187868	0,026742	
0,019270	0,002001	0,013371	0,149567	0,020103	
0,019307	0,001560	0,013560	0,114939	0,024365	
0,019345	0,001160	0,013743	0,084347	0,013649	
0,019382	0,000809	0,013921	0,058111	0,011580	
0,019420	0,000515	0,014094	0,036507	0,009542	
0,019457	0,000282	0,014262	0,019761	0,017015	
0,019495	0,000116	0,014424	0,008048	0,012105	
0,019532	0,000022	0,014581	0,001491	0,014267	
0,019570	0,000002	0,014732	0,000159	0,010345	
0,019607	0,000061	0,014877	0,004065	0,014020	
0,019645	0,000198	0,015017	0,013169	0,012043	
0,019682	0,000415	0,015151	0,027375	0,017725	
0,019720	0,000711	0,015278	0,046535	0,009264	
0,019757	0,001086	0,015400	0,070447	0,013001	
0,019795	0,001535	0,015515	0,098861	0,010839	
0,019833	0,002056	0,015624	0,131479	0,020381	
0,019870	0,002643	0,015727	0,167960	0,012383	
0,019908	0,003292	0,015823	0,207920	0,014205	
0,019945	0,003996	0,015913	0,250941	0,012908	
0,019983	0,004747	0,015996	0,296572	0,020937	
0,020020	0,005538	0,016073	0,344335	0,010530	
0,020058	0,006360	0,016143	0,393729	0,015070	
0,020095	0,007204	0,016207	0,444238	0,012723	
0,020133	0,008061	0,016264	0,495330	0,021307	
0,020170	0,008921	0,016314	0,546471	0,012939	
0,020208	0,009774	0,016358	0,597126	0,015842	
0,020245	0,010611	0,016395	0,646762	0,012105	
0,020283	0,011421	0,016426	0,694861	0,018127	
0,020320	0,012195	0,016449	0,740917	0,013124	
0,020358	0,012925	0,016466	0,784449	0,015656	
0,020395	0,013602	0,016477	0,825000	0,012105	
0,020433	0,014217	0,016480	0,862145	0,020381	
0,020470	0,014765	0,016477	0,895494	0,013742	
0,020508	0,015238	0,016468	0,924700	0,015934	
0,020546	0,015630	0,016452	0,949455	0,011951	
0,020583	0,015938	0,016429	0,969500	0,016861	
0,020621	0,016158	0,016400	0,984625	0,009727	
0,020658	0,016288	0,016364	0,994671	0,012167	
0,020696	0,016325	0,016322	0,999535	0,009233	
0,020733	0,016271	0,016274	0,999163	0,017972	
0,020771	0,016125	0,016219	0,993561	0,012970	
0,020808	0,015891	0,016159	0,982787	0,015348	
0,020846	0,015570	0,016092	0,966954	0,009110	
0,020883	0,015167	0,016019	0,946228	0,014390	
0,020921	0,014687	0,015940	0,920826	0,008708	
0,020958	0,014136	0,015855	0,891015	0,011364	
0,020996	0,013520	0,015764	0,857106	0,008616	
0,021033	0,012847	0,015668	0,819456	0,013371	
0,021071	0,012125	0,015565	0,778458	0,011302	
0,021108	0,011362	0,015458	0,734543	0,016922	
0,021146	0,010567	0,015345	0,688170	0,008060	
0,021183	0,009749	0,015226	0,639826	0,013093	
0,021221	0,008917	0,015103	0,590017	0,011333	
0,021259	0,008080	0,014974	0,539265	0,016953	
0,021296	0,007248	0,014841	0,488101	0,008183	
0,021334	0,006430	0,014702	0,437063	0,014946	
0,021371	0,005633	0,014559	0,386684	0,007658	
0,021409	0,004867	0,014411	0,337493	0,012290	
0,021446	0,004138	0,014259	0,290005	0,009449	
0,021484	0,003453	0,014102	0,244717	0,018003	
0,021521	0,002819	0,013941	0,202104	0,011951	
0,021559	0,002242	0,013776	0,162613	0,015656	
0,021596	0,001725	0,013607	0,126657	0,008801	
0,021634	0,001272	0,013434	0,094613	0,014267	
0,021671	0,000886	0,013258	0,066817	0,009511	
0,021709	0,000570	0,013078	0,043560	0,014637	
0,021746	0,000324	0,012894	0,025085	0,008986	
0,021784	0,000147	0,012708	0,011586	0,014174	
0,021821	0,000040	0,012518	0,003205	0,010623	
0,021859	0,000000	0,012326	0,000030	0,016830	
0,021896	0,000025	0,012130	0,002092	0,009449	
0,021934	0,000112	0,011933	0,009372	0,013804	
0,021972	0,000256	0,011732	0,021792	0,010252	
0,022009	0,000453	0,011530	0,039223	0,015533	
0,022047	0,000697	0,011325	0,061481	0,011426	
0,022084	0,000983	0,011118	0,088334	0,015409	
0,022122	0,001304	0,010909	0,119499	0,012198	
0,022159	0,001656	0,010699	0,154652	0,016027	
0,022197	0,002030	0,010487	0,193422	0,014236	
0,022234	0,002420	0,010274	0,235405	0,019053	
0,022272	0,002820	0,010060	0,280160	0,012043	
0,022309	0,003223	0,009845	0,327218	0,015533	
0,022347	0,003623	0,009628	0,376086	0,009635	
0,022384	0,004014	0,009411	0,426252	0,017633	
0,022422	0,004390	0,009194	0,477191	0,008029	
0,022459	0,004746	0,008976	0,528369	0,011858	
0,022497	0,005076	0,008758	0,579250	0,007720	
0,022534	0,005378	0,008540	0,629300	0,017200	
0,022572	0,005646	0,008322	0,677996	0,009233	
0,022609	0,005878	0,008104	0,724826	0,012229	
0,022647	0,006071	0,007887	0,769302	0,012012	
0,022685	0,006224	0,007670	0,810956	0,023346	
0,022722	0,006335	0,007453	0,849352	0,018065	
0,022760	0,006403	0,007238	0,884089	0,020875	
0,022797	0,006429	0,007024	0,914802	0,017417	
0,022835	0,006414	0,006810	0,941169	0,024025	
0,022872	0,006358	0,006598	0,962915	0,023469	
0,022910	0,006263	0,006388	0,979811	0,033258	
0,022947	0,006131	0,006179	0,991680	0,028904	
0,022985	0,005966	0,005972	0,998399	0,032918	
0,023022	0,005769	0,005766	0,999897	0,028626	
0,023060	0,005545	0,005563	0,996158	0,037798	
0,023097	0,005296	0,005361	0,987222	0,037056	
0,023135	0,005027	0,005162	0,973182	0,045610	
0,023172	0,004741	0,004965	0,954185	0,039650	
0,023210	0,004442	0,004771	0,930430	0,043449	
0,023247	0,004134	0,004580	0,902166	0,044499	
0,023285	0,003821	0,004391	0,869690	0,048420	
0,023322	0,003506	0,004204	0,833341	0,043819	
0,023360	0,003193	0,004021	0,793501	0,056202	
0,023397	0,002885	0,003841	0,750586	0,053114	
0,023435	0,002585	0,003664	0,705047	0,055307	
0,023473	0,002296	0,003491	0,657360	0,050984	
0,023510	0,002020	0,003321	0,608024	0,055646	
0,023548	0,001760	0,003154	0,557558	0,049964	
0,023585	0,001516	0,002991	0,506488	0,057592	
0,023623	0,001290	0,002831	0,455351	0,051323	
0,023660	0,001083	0,002675	0,404682	0,051972	
0,023698	0,000896	0,002523	0,355012	0,045302	
0,023735	0,000729	0,002375	0,306860	0,053423	
0,023773	0,000582	0,002231	0,260732	0,046012	
0,023810	0,000454	0,002091	0,217110	0,050304	
0,023848	0,000345	0,001956	0,176452	0,046351	
0,023885	0,000254	0,001824	0,139183	0,044591	
0,023923	0,000179	0,001697	0,105693	0,044591	
0,023960	0,000120	0,001574	0,076334	0,043171	
0,023998	0,000075	0,001455	0,051412	0,031838	
0,024035	0,000042	0,001341	0,031190	0,035883	
0,024073	0,000020	0,001231	0,015878	0,028194	
0,024110	0,000006	0,001126	0,005637	0,032733	
0,024148	0,000001	0,001025	0,000574	0,024704	
0,024186	0,000001	0,000929	0,000742	0,029583	
0,024223	0,000005	0,000838	0,006139	0,020319	
0,024261	0,000013	0,000751	0,016710	0,025168	
0,024298	0,000022	0,000669	0,032342	0,022203	
0,024336	0,000031	0,000592	0,052873	0,028441	
0,024373	0,000041	0,000520	0,078086	0,017046	
0,024411	0,000049	0,000452	0,107719	0,018158	
0,024448	0,000055	0,000389	0,141460	0,012661	
0,024486	0,000059	0,000330	0,178957	0,015286	
0,024523	0,000061	0,000277	0,219816	0,009079	
0,024561	0,000060	0,000228	0,263610	0,016552	
0,024598	0,000057	0,000184	0,309879	0,009202	
0,024636	0,000052	0,000145	0,358139	0,011765	
0,024673	0,000045	0,000110	0,407886	0,008029	
0,024711	0,000037	0,000081	0,458597	0,015842	
0,024748	0,000028	0,000056	0,509741	0,012754	
0,024786	0,000020	0,000035	0,560784	0,014298	
0,024823	0,000012	0,000020	0,611189	0,009295	
0,024861	0,000006	0,000008	0,660431	0,015348	
0,024899	0,000001	0,000002	0,707992	0,011642	
0,024936	0,000000	0,000000	0,753374	0,014576	
0,024974	0,000002	0,000003	0,796103	0,007967	
0,025011	0,000008	0,000010	0,835731	0,012229	
0,025049	0,000018	0,000021	0,871843	0,010746	
0,025086	0,000034	0,000037	0,904061	0,020999	
0,025124	0,000053	0,000057	0,932047	0,013618	
0,025161	0,000078	0,000082	0,955509	0,016737	
0,025199	0,000108	0,000111	0,974200	0,015039	
0,025236	0,000142	0,000143	0,987925	0,019578	
0,025274	0,000180	0,000180	0,996541	0,012537	
0,025311	0,000221	0,000221	0,999956	0,013711	
0,025349	0,000266	0,000266	0,998136	0,013680	
0,025386	0,000313	0,000315	0,991100	0,020597	
0,025424	0,000360	0,000368	0,978921	0,017509	
0,025461	0,000408	0,000424	0,961726	0,022079	
0,025499	0,000455	0,000484	0,939697	0,020783	
0,025536	0,000500	0,000548	0,913063	0,029336	
0,025574	0,000543	0,000615	0,882104	0,024982	
0,025612	0,000581	0,000685	0,847144	0,026248	
0,025649	0,000614	0,000759	0,808549	0,017540	
0,025687	0,000642	0,000836	0,766722	0,025198	
0,025724	0,000662	0,000916	0,722103	0,018621	
0,025762	0,000675	0,001000	0,675159	0,021246	
0,025799	0,000680	0,001086	0,626380	0,019115	
0,025837	0,000677	0,001175	0,576279	0,025291	
0,025874	0,000666	0,001266	0,525379	0,018436	
0,025912	0,000646	0,001361	0,474213	0,025940	
0,025949	0,000617	0,001457	0,423318	0,019208	
0,025987	0,000581	0,001557	0,373225	0,019331	
0,026024	0,000538	0,001658	0,324461	0,012414	
0,026062	0,000489	0,001762	0,277535	0,014823	
0,026099	0,000435	0,001868	0,232938	0,014606	
0,026137	0,000378	0,001976	0,191138	0,018158	
0,026174	0,000318	0,002086	0,152573	0,011364	
0,026212	0,000259	0,002198	0,117645	0,012939	
0,026249	0,000201	0,002311	0,086722	0,011457	
0,026287	0,000146	0,002426	0,060125	0,018930	
0,026325	0,000097	0,002542	0,038135	0,011364	
0,026362	0,000056	0,002660	0,020981	0,014853	
0,026400	0,000025	0,002779	0,008842	0,007319	
0,026437	0,000005	0,002899	0,001847	0,011179	
0,026475	0,000000	0,003020	0,000067	0,008399	
0,026512	0,000011	0,003142	0,003522	0,015440	
0,026550	0,000040	0,003264	0,012175	0,010438	
0,026587	0,000088	0,003388	0,025936	0,013248	
0,026625	0,000157	0,003512	0,044661	0,009048	
0,026662	0,000248	0,003636	0,068153	0,015162	
0,026700	0,000362	0,003760	0,096166	0,012445	
0,026737	0,000499	0,003885	0,128408	0,018003	
0,026775	0,000660	0,004010	0,164540	0,014884	
0,026812	0,000845	0,004135	0,204185	0,021153	
0,026850	0,001053	0,004260	0,246926	0,014267	
0,026887	0,001282	0,004384	0,292317	0,017386	
0,026925	0,001533	0,004509	0,339882	0,010963	
0,026962	0,001804	0,004632	0,389124	0,015131	
0,027000	0,002092	0,004756	0,439526	0,000000	

