x-axis	Total diffraction	Diffraction pattern	Interference pattern	From Camera	
-0,027000	0,004753	0,004756	0,997962	0,039220	
-0,026962	0,004634	0,004632	0,998900	0,031421	
-0,026925	0,004460	0,004509	0,987592	0,035161	
-0,026887	0,004235	0,004384	0,964349	0,031293	
-0,026850	0,003967	0,004260	0,929812	0,035416	
-0,026812	0,003665	0,004135	0,884923	0,028704	
-0,026775	0,003337	0,004010	0,830902	0,032060	
-0,026737	0,002993	0,003885	0,769201	0,028192	
-0,026700	0,002642	0,003760	0,701456	0,033147	
-0,026662	0,002292	0,003636	0,629433	0,029982	
-0,026625	0,001952	0,003512	0,554972	0,032859	
-0,026587	0,001628	0,003388	0,479922	0,029535	
-0,026550	0,001328	0,003264	0,406087	0,035480	
-0,026512	0,001055	0,003142	0,335161	0,032316	
-0,026475	0,000813	0,003020	0,268685	0,040307	
-0,026437	0,000604	0,002899	0,207989	0,032412	
-0,026400	0,000429	0,002779	0,154164	0,034489	
-0,026362	0,000288	0,002660	0,108023	0,028160	
-0,026325	0,000178	0,002542	0,070089	0,032444	
-0,026287	0,000099	0,002426	0,040582	0,024996	
-0,026249	0,000045	0,002311	0,019425	0,028576	
-0,026212	0,000014	0,002198	0,006254	0,024325	
-0,026174	0,000001	0,002086	0,000447	0,024549	
-0,026137	0,000002	0,001976	0,001151	0,023973	
-0,026099	0,000014	0,001868	0,007328	0,028896	
-0,026062	0,000031	0,001762	0,017800	0,027905	
-0,026024	0,000052	0,001658	0,031303	0,031836	
-0,025987	0,000073	0,001557	0,046540	0,026946	
-0,025949	0,000091	0,001457	0,062235	0,029599	
-0,025912	0,000105	0,001361	0,077192	0,032635	
-0,025874	0,000115	0,001266	0,090337	0,043120	
-0,025837	0,000119	0,001175	0,100770	0,034937	
-0,025799	0,000117	0,001086	0,107795	0,036695	
-0,025762	0,000111	0,001000	0,110954	0,031005	
-0,025724	0,000101	0,000916	0,110043	0,036759	
-0,025687	0,000088	0,000836	0,105120	0,035161	
-0,025649	0,000073	0,000759	0,096505	0,039572	
-0,025612	0,000058	0,000685	0,084764	0,034106	
-0,025574	0,000044	0,000615	0,070689	0,036279	
-0,025536	0,000030	0,000548	0,055261	0,031069	
-0,025499	0,000019	0,000484	0,039616	0,035608	
-0,025461	0,000011	0,000424	0,024992	0,033914	
-0,025424	0,000005	0,000368	0,012680	0,041873	
-0,025386	0,000001	0,000315	0,003970	0,041649	
-0,025349	0,000000	0,000266	0,000095	0,044430	
-0,025311	0,000000	0,000221	0,002177	0,043120	
-0,025274	0,000002	0,000180	0,011177	0,048106	
-0,025236	0,000004	0,000143	0,027850	0,040339	
-0,025199	0,000006	0,000111	0,052707	0,042544	
-0,025161	0,000007	0,000082	0,085986	0,038900	
-0,025124	0,000007	0,000057	0,127634	0,042864	
-0,025086	0,000007	0,000037	0,177293	0,038069	
-0,025049	0,000005	0,000021	0,234311	0,042129	
-0,025011	0,000003	0,000010	0,297746	0,046284	
-0,024974	0,000001	0,000003	0,366396	0,057216	
-0,024936	0,000000	0,000000	0,438832	0,050408	
-0,024899	0,000001	0,000002	0,513437	0,055106	
-0,024861	0,000005	0,000008	0,588461	0,052325	
-0,024823	0,000013	0,000020	0,662071	0,058526	
-0,024786	0,000026	0,000035	0,732414	0,054371	
-0,024748	0,000044	0,000056	0,797676	0,060221	
-0,024711	0,000069	0,000081	0,856139	0,059805	
-0,024673	0,000100	0,000110	0,906244	0,062138	
-0,024636	0,000137	0,000145	0,946636	0,058782	
-0,024598	0,000180	0,000184	0,976214	0,066166	
-0,024561	0,000227	0,000228	0,994167	0,060700	
-0,024523	0,000277	0,000277	1,000000	0,066134	
-0,024486	0,000329	0,000330	0,993552	0,064440	
-0,024448	0,000380	0,000389	0,975000	0,072207	
-0,024411	0,000427	0,000452	0,944856	0,068084	
-0,024373	0,000470	0,000520	0,903946	0,067476	
-0,024336	0,000506	0,000592	0,853386	0,059741	
-0,024298	0,000533	0,000669	0,794540	0,060732	
-0,024261	0,000549	0,000751	0,728978	0,056513	
-0,024223	0,000553	0,000838	0,658423	0,063833	
-0,024186	0,000544	0,000929	0,584694	0,054819	
-0,024148	0,000523	0,001025	0,509644	0,054531	
-0,024110	0,000491	0,001126	0,435102	0,048937	
-0,024073	0,000447	0,001231	0,362816	0,054020	
-0,024035	0,000395	0,001341	0,294392	0,041777	
-0,023998	0,000337	0,001455	0,231251	0,040563	
-0,023960	0,000275	0,001574	0,174583	0,034393	
-0,023923	0,000213	0,001697	0,125314	0,042097	
-0,023885	0,000154	0,001824	0,084083	0,036375	
-0,023848	0,000100	0,001956	0,051232	0,040754	
-0,023810	0,000056	0,002091	0,026800	0,031932	
-0,023773	0,000024	0,002231	0,010534	0,033403	
-0,023735	0,000005	0,002375	0,001909	0,029535	
-0,023698	0,000000	0,002523	0,000158	0,033914	
-0,023660	0,000012	0,002675	0,004312	0,028192	
-0,023623	0,000038	0,002831	0,013241	0,029791	
-0,023585	0,000077	0,002991	0,025706	0,023717	
-0,023548	0,000128	0,003154	0,040417	0,028416	
-0,023510	0,000187	0,003321	0,056084	0,029407	
-0,023473	0,000250	0,003491	0,071470	0,034681	
-0,023435	0,000314	0,003664	0,085448	0,033403	
-0,023397	0,000373	0,003841	0,097044	0,035257	
-0,023360	0,000425	0,004021	0,105477	0,032731	
-0,023322	0,000464	0,004204	0,110194	0,039955	
-0,023285	0,000488	0,004391	0,110888	0,030366	
-0,023247	0,000493	0,004580	0,107514	0,032252	
-0,023210	0,000479	0,004771	0,100291	0,031836	
-0,023172	0,000446	0,004965	0,089691	0,039955	
-0,023135	0,000395	0,005162	0,076420	0,033179	
-0,023097	0,000330	0,005361	0,061392	0,037174	
-0,023060	0,000255	0,005563	0,045686	0,029215	
-0,023022	0,000176	0,005766	0,030508	0,030206	
-0,022985	0,000102	0,005972	0,017134	0,026434	
-0,022947	0,000042	0,006179	0,006864	0,033498	
-0,022910	0,000006	0,006388	0,000958	0,031197	
-0,022872	0,000004	0,006598	0,000590	0,040179	
-0,022835	0,000046	0,006810	0,006789	0,032859	
-0,022797	0,000143	0,007024	0,020396	0,034969	
-0,022760	0,000305	0,007238	0,042022	0,030654	
-0,022722	0,000538	0,007453	0,072014	0,035832	
-0,022685	0,000848	0,007670	0,110434	0,030174	
-0,022647	0,001240	0,007887	0,157044	0,035033	
-0,022609	0,001715	0,008104	0,211304	0,031804	
-0,022572	0,002270	0,008322	0,272382	0,033307	
-0,022534	0,002901	0,008540	0,339174	0,033882	
-0,022497	0,003599	0,008758	0,410334	0,043280	
-0,022459	0,004354	0,008976	0,484312	0,037430	
-0,022422	0,005151	0,009194	0,559401	0,038613	
-0,022384	0,005974	0,009411	0,633793	0,036247	
-0,022347	0,006805	0,009628	0,705635	0,037942	
-0,022309	0,007622	0,009845	0,773089	0,032955	
-0,022272	0,008407	0,010060	0,834394	0,034873	
-0,022234	0,009137	0,010274	0,887919	0,034106	
-0,022197	0,009792	0,010487	0,932226	0,041138	
-0,022159	0,010352	0,010699	0,966109	0,034202	
-0,022122	0,010802	0,010909	0,988640	0,039060	
-0,022084	0,011126	0,011118	0,999200	0,033339	
-0,022047	0,011314	0,011325	0,997496	0,036663	
-0,022009	0,011358	0,011530	0,983576	0,033850	
-0,021972	0,011255	0,011732	0,957823	0,036120	
-0,021934	0,011006	0,011933	0,920946	0,034330	
-0,021896	0,010618	0,012130	0,873953	0,042608	
-0,021859	0,010099	0,012326	0,818117	0,038932	
-0,021821	0,009465	0,012518	0,754936	0,039604	
-0,021784	0,008732	0,012708	0,686082	0,036183	
-0,021746	0,007921	0,012894	0,613345	0,039636	
-0,021709	0,007054	0,013078	0,538571	0,033946	
-0,021671	0,006156	0,013258	0,463609	0,036120	
-0,021634	0,005251	0,013434	0,390243	0,031836	
-0,021596	0,004363	0,013607	0,320143	0,036759	
-0,021559	0,003516	0,013776	0,254807	0,032188	
-0,021521	0,002730	0,013941	0,195517	0,040115	
-0,021484	0,002024	0,014102	0,143306	0,034745	
-0,021446	0,001413	0,014259	0,098926	0,042353	
-0,021409	0,000907	0,014411	0,062833	0,033243	
-0,021371	0,000513	0,014559	0,035182	0,037973	
-0,021334	0,000233	0,014702	0,015830	0,030909	
-0,021296	0,000065	0,014841	0,004354	0,035257	
-0,021259	0,000001	0,014974	0,000074	0,029982	
-0,021221	0,000032	0,015103	0,002094	0,029087	
-0,021183	0,000142	0,015226	0,009338	0,026147	
-0,021146	0,000317	0,015345	0,020603	0,033371	
-0,021108	0,000536	0,015458	0,034612	0,033211	
-0,021071	0,000780	0,015565	0,050066	0,041202	
-0,021033	0,001031	0,015668	0,065702	0,029791	
-0,020996	0,001268	0,015764	0,080344	0,030526	
-0,020958	0,001476	0,015855	0,092954	0,024485	
-0,020921	0,001639	0,015940	0,102674	0,031421	
-0,020883	0,001746	0,016019	0,108859	0,025731	
-0,020846	0,001791	0,016092	0,111106	0,028256	
-0,020808	0,001768	0,016159	0,109271	0,024261	
-0,020771	0,001681	0,016219	0,103470	0,033243	
-0,020733	0,001533	0,016274	0,094083	0,031581	
-0,020696	0,001336	0,016322	0,081729	0,036120	
-0,020658	0,001102	0,016364	0,067248	0,033626	
-0,020621	0,000849	0,016400	0,051661	0,037590	
-0,020583	0,000595	0,016429	0,036132	0,036183	
-0,020546	0,000361	0,016452	0,021918	0,038581	
-0,020508	0,000170	0,016468	0,010315	0,031165	
-0,020470	0,000043	0,016477	0,002608	0,033562	
-0,020433	0,000000	0,016480	0,000009	0,030750	
-0,020395	0,000060	0,016477	0,003608	0,036056	
-0,020358	0,000236	0,016466	0,014324	0,033403	
-0,020320	0,000541	0,016449	0,032859	0,036631	
-0,020283	0,000982	0,016426	0,059664	0,035512	
-0,020245	0,001558	0,016395	0,094911	0,040499	
-0,020208	0,002269	0,016358	0,138476	0,033626	
-0,020170	0,003103	0,016314	0,189933	0,043056	
-0,020133	0,004049	0,016264	0,248558	0,038613	
-0,020095	0,005086	0,016207	0,313347	0,041458	
-0,020058	0,006193	0,016143	0,383041	0,040083	
-0,020020	0,007343	0,016073	0,456159	0,047083	
-0,019983	0,008508	0,015996	0,531048	0,045613	
-0,019945	0,009657	0,015913	0,605932	0,051398	
-0,019908	0,010760	0,015823	0,678965	0,045357	
-0,019870	0,011786	0,015727	0,748297	0,051718	
-0,019833	0,012708	0,015624	0,812128	0,042832	
-0,019795	0,013500	0,015515	0,868773	0,051079	
-0,019757	0,014139	0,015400	0,916713	0,054467	
-0,019720	0,014608	0,015278	0,954649	0,061787	
-0,019682	0,014894	0,015151	0,981544	0,055969	
-0,019645	0,014990	0,015017	0,996660	0,064248	
-0,019607	0,014894	0,014877	0,999579	0,056704	
-0,019570	0,014610	0,014732	0,990220	0,061499	
-0,019532	0,014148	0,014581	0,968842	0,061307	
-0,019495	0,013522	0,014424	0,936033	0,064632	
-0,019457	0,012751	0,014262	0,892693	0,061563	
-0,019420	0,011857	0,014094	0,840001	0,068659	
-0,019382	0,010866	0,013921	0,779378	0,063737	
-0,019345	0,009806	0,013743	0,712435	0,066134	
-0,019307	0,008704	0,013560	0,640927	0,058111	
-0,019270	0,007589	0,013371	0,566686	0,059326	
-0,019232	0,006488	0,013178	0,491569	0,051366	
-0,019195	0,005426	0,012981	0,417393	0,054819	
-0,019157	0,004427	0,012779	0,345875	0,051782	
-0,019120	0,003508	0,012573	0,278585	0,055650	
-0,019082	0,002685	0,012362	0,216891	0,046348	
-0,019044	0,001970	0,012148	0,161924	0,049992	
-0,019007	0,001369	0,011930	0,114543	0,035768	
-0,018969	0,000883	0,011708	0,075317	0,036983	
-0,018932	0,000512	0,011482	0,044512	0,031677	
-0,018894	0,000249	0,011254	0,022097	0,035384	
-0,018857	0,000086	0,011022	0,007748	0,033339	
-0,018819	0,000010	0,010787	0,000880	0,041841	
-0,018782	0,000007	0,010550	0,000670	0,035161	
-0,018744	0,000063	0,010310	0,006105	0,038133	
-0,018707	0,000162	0,010068	0,016021	0,031005	
-0,018669	0,000287	0,009824	0,029163	0,035608	
-0,018632	0,000424	0,009578	0,044232	0,028960	
-0,018594	0,000560	0,009330	0,059946	0,029024	
-0,018557	0,000683	0,009081	0,075089	0,027361	
-0,018519	0,000783	0,008831	0,088567	0,035352	
-0,018482	0,000855	0,008579	0,099449	0,030750	
-0,018444	0,000892	0,008327	0,107007	0,038261	
-0,018407	0,000896	0,008074	0,110747	0,033498	
-0,018369	0,000865	0,007821	0,110426	0,037142	
-0,018331	0,000804	0,007568	0,106064	0,034266	
-0,018294	0,000718	0,007315	0,097945	0,037462	
-0,018256	0,000613	0,007063	0,086602	0,037270	
-0,018219	0,000497	0,006811	0,072796	0,044590	
-0,018181	0,000378	0,006560	0,057487	0,038165	
-0,018144	0,000264	0,006310	0,041792	0,041362	
-0,018106	0,000164	0,006061	0,026939	0,034266	
-0,018069	0,000083	0,005814	0,014218	0,038165	
-0,018031	0,000027	0,005569	0,004923	0,036056	
-0,017994	0,000002	0,005326	0,000302	0,042672	
-0,017956	0,000008	0,005085	0,001495	0,039476	
-0,017919	0,000046	0,004847	0,009491	0,047435	
-0,017881	0,000116	0,004612	0,025076	0,041106	
-0,017844	0,000214	0,004379	0,048799	0,045485	
-0,017806	0,000336	0,004151	0,080936	0,040243	
-0,017769	0,000478	0,003925	0,121475	0,045102	
-0,017731	0,000631	0,003704	0,170099	0,039955	
-0,017694	0,000790	0,003486	0,226195	0,047371	
-0,017656	0,000947	0,003273	0,288858	0,043599	
-0,017618	0,001096	0,003065	0,356917	0,050599	
-0,017581	0,001229	0,002861	0,428970	0,049353	
-0,017543	0,001343	0,002663	0,503419	0,055490	
-0,017506	0,001431	0,002469	0,578527	0,046252	
-0,017468	0,001491	0,002282	0,652467	0,050823	
-0,017431	0,001521	0,002100	0,723381	0,050983	
-0,017393	0,001521	0,001924	0,789444	0,051366	
-0,017356	0,001491	0,001754	0,848921	0,046284	
-0,017318	0,001434	0,001591	0,900225	0,056768	
-0,017281	0,001353	0,001434	0,941971	0,055778	
-0,017243	0,001252	0,001285	0,973021	0,063513	
-0,017206	0,001135	0,001142	0,992522	0,060061	
-0,017168	0,001009	0,001007	0,999938	0,063737	
-0,017131	0,000877	0,000880	0,995062	0,061883	
-0,017093	0,000744	0,000760	0,978031	0,067381	
-0,017056	0,000616	0,000648	0,949312	0,062234	
-0,017018	0,000496	0,000545	0,909696	0,061659	
-0,016981	0,000387	0,000450	0,860264	0,056577	
-0,016943	0,000292	0,000363	0,802354	0,061179	
-0,016905	0,000211	0,000285	0,737514	0,055969	
-0,016868	0,000145	0,000217	0,667455	0,056673	
-0,016830	0,000093	0,000157	0,593987	0,052325	
-0,016793	0,000055	0,000107	0,518966	0,058079	
-0,016755	0,000029	0,000066	0,444230	0,052102	
-0,016718	0,000013	0,000035	0,371542	0,056960	
-0,016680	0,000004	0,000013	0,302532	0,047563	
-0,016643	0,000000	0,000002	0,238646	0,051878	
-0,016605	0,000000	0,000001	0,181106	0,045101	
-0,016568	0,000001	0,000010	0,130874	0,048490	
-0,016530	0,000003	0,000029	0,088627	0,042736	
-0,016493	0,000003	0,000059	0,054741	0,049033	
-0,016455	0,000003	0,000099	0,029293	0,038837	
-0,016418	0,000002	0,000150	0,012063	0,038389	
-0,016380	0,000001	0,000212	0,002558	0,031389	
-0,016343	0,000000	0,000285	0,000037	0,031517	
-0,016305	0,000001	0,000369	0,003549	0,030941	
-0,016268	0,000006	0,000464	0,011981	0,041234	
-0,016230	0,000014	0,000571	0,024102	0,034585	
-0,016192	0,000027	0,000688	0,038624	0,035384	
-0,016155	0,000044	0,000817	0,054251	0,032252	
-0,016117	0,000067	0,000957	0,069737	0,040115	
-0,016080	0,000093	0,001109	0,083938	0,032859	
-0,016042	0,000122	0,001272	0,095857	0,033626	
-0,016005	0,000152	0,001446	0,104691	0,031293	
-0,015967	0,000180	0,001632	0,109855	0,038837	
-0,015930	0,000203	0,001830	0,111015	0,033339	
-0,015892	0,000221	0,002039	0,108096	0,037910	
-0,015855	0,000229	0,002260	0,101287	0,029631	
-0,015817	0,000227	0,002492	0,091031	0,031900	
-0,015780	0,000214	0,002735	0,078013	0,030142	
-0,015742	0,000189	0,002990	0,063124	0,035384	
-0,015705	0,000155	0,003257	0,047429	0,031645	
-0,015667	0,000114	0,003535	0,032123	0,038964	
-0,015630	0,000071	0,003824	0,018480	0,034937	
-0,015592	0,000032	0,004124	0,007801	0,038133	
-0,015555	0,000006	0,004435	0,001355	0,038613	
-0,015517	0,000002	0,004758	0,000328	0,043663	
-0,015479	0,000029	0,005091	0,005771	0,032635	
-0,015442	0,000101	0,005436	0,018547	0,034745	
-0,015404	0,000228	0,005791	0,039295	0,033307	
-0,015367	0,000422	0,006157	0,068392	0,041681	
-0,015329	0,000693	0,006533	0,105931	0,037238	
-0,015292	0,001051	0,006920	0,151707	0,038837	
-0,015254	0,001504	0,007317	0,205212	0,037270	
-0,015217	0,002055	0,007724	0,265642	0,047339	
-0,015179	0,002706	0,008140	0,331920	0,040307	
-0,015142	0,003455	0,008567	0,402721	0,045581	
-0,015104	0,004297	0,009003	0,476512	0,036056	
-0,015067	0,005220	0,009449	0,551600	0,036152	
-0,015029	0,006211	0,009904	0,626181	0,035832	
-0,014992	0,007252	0,010367	0,698403	0,052006	
-0,014954	0,008320	0,010840	0,766420	0,049576	
-0,014917	0,009393	0,011321	0,828457	0,057504	
-0,014879	0,010443	0,011810	0,882869	0,048554	
-0,014842	0,011441	0,012307	0,928190	0,055682	
-0,014804	0,012359	0,012812	0,963189	0,054883	
-0,014767	0,013170	0,013325	0,986908	0,063673	
-0,014729	0,013848	0,013844	0,998692	0,063321	
-0,014691	0,014368	0,014371	0,998218	0,075020	
-0,014654	0,014711	0,014905	0,985497	0,071568	
-0,014616	0,014863	0,015445	0,960881	0,079719	
-0,014579	0,014815	0,015991	0,925047	0,079655	
-0,014541	0,014563	0,016543	0,878977	0,084162	
-0,014504	0,014111	0,017100	0,823921	0,076810	
-0,014466	0,013468	0,017662	0,761360	0,083810	
-0,014429	0,012652	0,018230	0,692953	0,073933	
-0,014391	0,011684	0,018802	0,620481	0,081924	
-0,014354	0,010593	0,019378	0,545792	0,078121	
-0,014316	0,009409	0,019958	0,470739	0,080390	
-0,014279	0,008170	0,020541	0,397117	0,072495	
-0,014241	0,006911	0,021128	0,326611	0,075116	
-0,014204	0,005671	0,021717	0,260739	0,069746	
-0,014166	0,004487	0,022309	0,200807	0,075468	
-0,014129	0,003392	0,022903	0,147874	0,064408	
-0,014091	0,002417	0,023499	0,102720	0,066134	
-0,014054	0,001589	0,024096	0,065830	0,056960	
-0,014016	0,000925	0,024693	0,037387	0,060221	
-0,013978	0,000438	0,025291	0,017274	0,053796	
-0,013941	0,000132	0,025890	0,005094	0,056513	
-0,013903	0,000005	0,026488	0,000189	0,044750	
-0,013866	0,000045	0,027085	0,001677	0,051335	
-0,013828	0,000236	0,027681	0,008498	0,040818	
-0,013791	0,000551	0,028276	0,019456	0,040818	
-0,013753	0,000962	0,028869	0,033277	0,036247	
-0,013716	0,001436	0,029460	0,048660	0,040786	
-0,013678	0,001936	0,030047	0,064335	0,039156	
-0,013641	0,002427	0,030632	0,079115	0,047563	
-0,013603	0,002874	0,031213	0,091948	0,039092	
-0,013566	0,003246	0,031790	0,101955	0,037110	
-0,013528	0,003516	0,032363	0,108472	0,030174	
-0,013491	0,003663	0,032931	0,111073	0,035960	
-0,013453	0,003676	0,033493	0,109590	0,038996	
-0,013416	0,003551	0,034050	0,104119	0,052325	
-0,013378	0,003293	0,034601	0,095016	0,041362	
-0,013341	0,002917	0,035145	0,082882	0,044207	
-0,013303	0,002449	0,035682	0,068539	0,041490	
-0,013265	0,001922	0,036212	0,052996	0,048586	
-0,013228	0,001376	0,036734	0,037409	0,045165	
-0,013190	0,000859	0,037248	0,023029	0,051335	
-0,013153	0,000422	0,037754	0,011154	0,044718	
-0,013115	0,000118	0,038250	0,003071	0,050983	
-0,013078	0,000000	0,038737	0,000003	0,050120	
-0,013040	0,000120	0,039214	0,003053	0,054851	
-0,013003	0,000523	0,039681	0,013158	0,050312	
-0,012965	0,001248	0,040138	0,031038	0,054946	
-0,012928	0,002324	0,040583	0,057169	0,045773	
-0,012890	0,003769	0,041017	0,091744	0,046444	
-0,012853	0,005589	0,041439	0,134664	0,044302	
-0,012815	0,007776	0,041849	0,185528	0,053540	
-0,012778	0,010308	0,042246	0,243634	0,054371	
-0,012740	0,013150	0,042631	0,307999	0,064280	
-0,012703	0,016253	0,043002	0,377381	0,056609	
-0,012665	0,019555	0,043360	0,450313	0,061179	
-0,012628	0,022986	0,043703	0,525154	0,058942	
-0,012590	0,026466	0,044033	0,600131	0,065495	
-0,012552	0,029910	0,044348	0,673401	0,061020	
-0,012515	0,033229	0,044647	0,743110	0,070929	
-0,012477	0,036336	0,044932	0,807451	0,071888	
-0,012440	0,039147	0,045201	0,864724	0,080774	
-0,012402	0,041582	0,045454	0,913396	0,077961	
-0,012365	0,043572	0,045691	0,952146	0,089532	
-0,012327	0,045059	0,045912	0,979917	0,090171	
-0,012290	0,045999	0,046116	0,995945	0,098546	
-0,012252	0,046364	0,046303	0,999786	0,098482	
-0,012215	0,046141	0,046472	0,991336	0,100272	
-0,012177	0,045334	0,046625	0,970827	0,095157	
-0,012140	0,043966	0,046759	0,938825	0,104555	
-0,012102	0,042075	0,046876	0,896207	0,100464	
-0,012065	0,039714	0,046975	0,844136	0,105578	
-0,012027	0,036949	0,047055	0,784016	0,097555	
-0,011990	0,033856	0,047117	0,717451	0,105706	
-0,011952	0,030521	0,047161	0,646186	0,105770	
-0,011915	0,027034	0,047185	0,572054	0,105834	
-0,011877	0,023486	0,047191	0,496913	0,094230	
-0,011839	0,019967	0,047178	0,422585	0,095541	
-0,011802	0,016564	0,047145	0,350801	0,089308	
-0,011764	0,013355	0,047094	0,283142	0,092409	
-0,011727	0,010408	0,047023	0,220995	0,077609	
-0,011689	0,007780	0,046932	0,165509	0,087518	
-0,011652	0,005513	0,046823	0,117564	0,078696	
-0,011614	0,003636	0,046693	0,077749	0,073805	
-0,011577	0,002161	0,046545	0,046353	0,063449	
-0,011539	0,001085	0,046377	0,023363	0,060444	
-0,011502	0,000392	0,046189	0,008477	0,057088	
-0,011464	0,000052	0,045982	0,001124	0,061851	
-0,011427	0,000023	0,045755	0,000496	0,048873	
-0,011389	0,000255	0,045509	0,005589	0,049960	
-0,011352	0,000691	0,045244	0,015248	0,042033	
-0,011314	0,001271	0,044960	0,028220	0,047275	
-0,011277	0,001932	0,044656	0,043207	0,044430	
-0,011239	0,002616	0,044334	0,058922	0,046348	
-0,011202	0,003267	0,043993	0,074142	0,040658	
-0,011164	0,003835	0,043633	0,087763	0,050120	
-0,011126	0,004282	0,043255	0,098841	0,038773	
-0,011089	0,004577	0,042858	0,106633	0,039636	
-0,011051	0,004703	0,042443	0,110628	0,036279	
-0,011014	0,004652	0,042011	0,110568	0,042033	
-0,010976	0,004431	0,041560	0,106455	0,036311	
-0,010939	0,004056	0,041093	0,098557	0,043823	
-0,010901	0,003554	0,040608	0,087392	0,039955	
-0,010864	0,002961	0,040107	0,073709	0,044814	
-0,010826	0,002318	0,039589	0,058457	0,040946	
-0,010789	0,001672	0,039056	0,042746	0,043248	
-0,010751	0,001072	0,038506	0,027800	0,042193	
-0,010714	0,000566	0,037941	0,014907	0,051207	
-0,010676	0,000201	0,037361	0,005365	0,045229	
-0,010639	0,000016	0,036767	0,000426	0,050567	
-0,010601	0,000045	0,036158	0,001241	0,050440	
-0,010564	0,000313	0,035536	0,008808	0,055650	
-0,010526	0,000836	0,034901	0,023930	0,047850	
-0,010489	0,001618	0,034253	0,047168	0,052070	
-0,010451	0,002652	0,033592	0,078818	0,050951	
-0,010413	0,003920	0,032920	0,118884	0,060125	
-0,010376	0,005394	0,032237	0,167067	0,052613	
-0,010338	0,007038	0,031543	0,222770	0,054275	
-0,010301	0,008806	0,030839	0,285103	0,051047	
-0,010263	0,010648	0,030126	0,352911	0,059869	
-0,010226	0,012510	0,029404	0,424800	0,058143	
-0,010188	0,014335	0,028674	0,499182	0,065750	
-0,010151	0,016069	0,027936	0,574325	0,059549	
-0,010113	0,017658	0,027191	0,648401	0,067956	
-0,010076	0,019054	0,026440	0,719554	0,068276	
-0,010038	0,020217	0,025684	0,785953	0,080422	
-0,010001	0,021113	0,024922	0,845854	0,072942	
-0,009963	0,021718	0,024157	0,897659	0,078568	
-0,009926	0,022018	0,023388	0,939970	0,076874	
-0,009888	0,022009	0,022617	0,971633	0,085824	
-0,009851	0,021698	0,021844	0,991779	0,083491	
-0,009813	0,021100	0,021070	0,999852	0,092792	
-0,009776	0,020239	0,020296	0,995629	0,095893	
-0,009738	0,019147	0,019523	0,979227	0,105418	
-0,009700	0,017861	0,018751	0,951099	0,099025	
-0,009663	0,016424	0,017981	0,912017	0,106888	
-0,009625	0,014880	0,017214	0,863050	0,106920	
-0,009588	0,013273	0,016452	0,805525	0,115519	
-0,009550	0,011647	0,015695	0,740983	0,115870	
-0,009513	0,010044	0,014943	0,671126	0,123574	
-0,009475	0,008500	0,014198	0,597765	0,113025	
-0,009438	0,007048	0,013462	0,522756	0,114208	
-0,009400	0,005713	0,012733	0,447941	0,106249	
-0,009363	0,004514	0,012015	0,375090	0,105929	
-0,009325	0,003463	0,011307	0,305840	0,104012	
-0,009288	0,002568	0,010610	0,241652	0,106313	
-0,009250	0,001827	0,009927	0,183759	0,097427	
-0,009213	0,001234	0,009256	0,133138	0,097523	
-0,009175	0,000779	0,008601	0,090480	0,084929	
-0,009138	0,000448	0,007961	0,056177	0,087422	
-0,009100	0,000223	0,007338	0,030320	0,079847	
-0,009063	0,000086	0,006732	0,012702	0,079911	
-0,009025	0,000018	0,006146	0,002843	0,067157	
-0,008987	0,000000	0,005579	0,000012	0,067093	
-0,008950	0,000016	0,005033	0,003267	0,057088	
-0,008912	0,000052	0,004508	0,011498	0,058814	
-0,008875	0,000094	0,004007	0,023481	0,049353	
-0,008837	0,000134	0,003530	0,037925	0,051558	
-0,008800	0,000165	0,003079	0,053533	0,042832	
-0,008762	0,000184	0,002653	0,069056	0,047435	
-0,008725	0,000188	0,002255	0,083341	0,042448	
-0,008687	0,000180	0,001886	0,095385	0,048937	
-0,008650	0,000162	0,001546	0,104372	0,049992	
-0,008612	0,000136	0,001236	0,109710	0,055714	
-0,008575	0,000107	0,000959	0,111050	0,047339	
-0,008537	0,000077	0,000714	0,108307	0,050759	
-0,008500	0,000051	0,000504	0,101657	0,056065	
-0,008462	0,000030	0,000328	0,091536	0,063609	
-0,008425	0,000015	0,000189	0,078615	0,059166	
-0,008387	0,000006	0,000087	0,063781	0,071504	
-0,008350	0,000001	0,000024	0,048093	0,068915	
-0,008312	0,000000	0,000000	0,032741	0,072143	
-0,008274	0,000000	0,000017	0,018999	0,067924	
-0,008237	0,000001	0,000076	0,008168	0,077993	
-0,008199	0,000000	0,000178	0,001521	0,078025	
-0,008162	0,000000	0,000323	0,000250	0,088029	
-0,008124	0,000003	0,000514	0,005412	0,085952	
-0,008087	0,000013	0,000751	0,017880	0,086911	
-0,008049	0,000040	0,001035	0,038303	0,078025	
-0,008012	0,000092	0,001368	0,067070	0,088381	
-0,007974	0,000183	0,001750	0,104286	0,081189	
-0,007937	0,000327	0,002182	0,149756	0,087486	
-0,007899	0,000542	0,002666	0,202984	0,085760	
-0,007862	0,000844	0,003202	0,263179	0,093975	
-0,007824	0,001251	0,003792	0,329271	0,090810	
-0,007787	0,001777	0,004437	0,399943	0,100368	
-0,007749	0,002437	0,005137	0,473669	0,097427	
-0,007712	0,003239	0,005894	0,548759	0,112482	
-0,007674	0,004189	0,006709	0,623412	0,116605	
-0,007637	0,005283	0,007582	0,695774	0,125715	
-0,007599	0,006515	0,008514	0,763997	0,122359	
-0,007562	0,007868	0,009508	0,826301	0,140515	
-0,007524	0,009320	0,010562	0,881033	0,145725	
-0,007486	0,010840	0,011679	0,926719	0,156944	
-0,007449	0,012391	0,012860	0,962119	0,159214	
-0,007411	0,013932	0,014104	0,986262	0,178872	
-0,007374	0,015414	0,015414	0,998483	0,180758	
-0,007336	0,016789	0,016789	0,998444	0,187918	
-0,007299	0,018006	0,018231	0,986147	0,183283	
-0,007261	0,019019	0,019741	0,961931	0,197954	
-0,007224	0,019782	0,021319	0,926463	0,200863	
-0,007186	0,020258	0,022966	0,880714	0,209717	
-0,007149	0,020418	0,024683	0,825929	0,204699	
-0,007111	0,020244	0,026471	0,763582	0,212083	
-0,007074	0,019729	0,028330	0,695326	0,208343	
-0,007036	0,018880	0,030262	0,622943	0,210005	
-0,006999	0,017718	0,032266	0,548281	0,197251	
-0,006961	0,016276	0,034343	0,473192	0,199776	
-0,006924	0,014601	0,036495	0,399479	0,190635	
-0,006886	0,012752	0,038721	0,328830	0,177913	
-0,006849	0,010796	0,041023	0,262771	0,155889	
-0,006811	0,008807	0,043400	0,202617	0,152597	
-0,006773	0,006863	0,045854	0,149435	0,140994	
-0,006736	0,005040	0,048384	0,104016	0,143232	
-0,006698	0,003414	0,050992	0,066854	0,128912	
-0,006661	0,002051	0,053678	0,038142	0,125587	
-0,006623	0,001005	0,056442	0,017772	0,111012	
-0,006586	0,000318	0,059284	0,005354	0,111299	
-0,006548	0,000015	0,062206	0,000238	0,098130	
-0,006511	0,000101	0,065207	0,001549	0,095957	
-0,006473	0,000563	0,068288	0,008229	0,081637	
-0,006436	0,001366	0,071448	0,019084	0,080390	
-0,006398	0,002457	0,074689	0,032842	0,071216	
-0,006361	0,003766	0,078011	0,048201	0,075531	
-0,006323	0,005209	0,081413	0,063888	0,061563	
-0,006286	0,006693	0,084896	0,078713	0,058431	
-0,006248	0,008117	0,088460	0,091617	0,053316	
-0,006211	0,009383	0,092105	0,101717	0,061084	
-0,006173	0,010398	0,095831	0,108341	0,054083	
-0,006136	0,011082	0,099639	0,111055	0,057056	
-0,006098	0,011373	0,103528	0,109685	0,054243	
-0,006060	0,011231	0,107498	0,104320	0,062554	
-0,006023	0,010648	0,111549	0,095307	0,051015	
-0,005985	0,009644	0,115681	0,083242	0,055042	
-0,005948	0,008279	0,119895	0,068943	0,052485	
-0,005910	0,006644	0,124189	0,053415	0,060157	
-0,005873	0,004868	0,128564	0,037809	0,056321	
-0,005835	0,003114	0,133019	0,023378	0,065207	
-0,005798	0,001573	0,137555	0,011419	0,057408	
-0,005760	0,000459	0,142170	0,003220	0,063801	
-0,005723	0,000001	0,146866	0,000009	0,063161	
-0,005685	0,000439	0,151640	0,002893	0,071440	
-0,005648	0,002008	0,156494	0,012812	0,061755	
-0,005610	0,004930	0,161426	0,030496	0,063321	
-0,005573	0,009405	0,166436	0,056424	0,061915	
-0,005535	0,015598	0,171523	0,090799	0,066901	
-0,005498	0,023629	0,176688	0,133529	0,063001	
-0,005460	0,033566	0,181929	0,184218	0,075787	
-0,005423	0,045416	0,187246	0,242174	0,073965	
-0,005385	0,059118	0,192638	0,306417	0,078057	
-0,005347	0,074545	0,198105	0,375710	0,074956	
-0,005310	0,091495	0,203646	0,448593	0,078312	
-0,005272	0,109700	0,209260	0,523424	0,075244	
-0,005235	0,128829	0,214946	0,598433	0,086463	
-0,005197	0,148492	0,220704	0,671778	0,083522	
-0,005160	0,168256	0,226533	0,741601	0,095381	
-0,005122	0,187650	0,232432	0,806093	0,095253	
-0,005085	0,206188	0,238400	0,863551	0,102477	
-0,005047	0,223376	0,244437	0,912436	0,097683	
-0,005010	0,238736	0,250540	0,951422	0,111779	
-0,004972	0,251820	0,256710	0,979443	0,114752	
-0,004935	0,262225	0,262945	0,995730	0,131213	
-0,004897	0,269613	0,269243	0,999832	0,138469	
-0,004860	0,273721	0,275605	0,991637	0,165447	
-0,004822	0,274376	0,282029	0,971369	0,170050	
-0,004785	0,271502	0,288514	0,939589	0,178456	
-0,004747	0,265125	0,295058	0,897170	0,182963	
-0,004710	0,255376	0,301661	0,845266	0,200863	
-0,004672	0,242491	0,308321	0,785281	0,212434	
-0,004634	0,226801	0,315036	0,718815	0,237846	
-0,004597	0,208726	0,321806	0,647611	0,235512	
-0,004559	0,188760	0,328629	0,573504	0,241106	
-0,004522	0,167456	0,335504	0,498351	0,235672	
-0,004484	0,145406	0,342430	0,423977	0,238837	
-0,004447	0,123220	0,349404	0,352117	0,238581	
-0,004409	0,101508	0,356426	0,284355	0,253188	
-0,004372	0,080850	0,363494	0,222084	0,256257	
-0,004334	0,061785	0,370607	0,166456	0,267828	
-0,004297	0,044781	0,377762	0,118359	0,259582	
-0,004259	0,030223	0,384959	0,078388	0,253668	
-0,004222	0,018397	0,392195	0,046836	0,241074	
-0,004184	0,009480	0,399470	0,023696	0,229343	
-0,004147	0,003532	0,406782	0,008669	0,208662	
-0,004109	0,000494	0,414128	0,001191	0,204539	
-0,004072	0,000192	0,421507	0,000455	0,191530	
-0,004034	0,002346	0,428918	0,005462	0,188781	
-0,003997	0,006580	0,436359	0,015056	0,171776	
-0,003959	0,012440	0,443828	0,027986	0,163849	
-0,003921	0,019416	0,451323	0,042953	0,143104	
-0,003884	0,026961	0,458842	0,058668	0,137382	
-0,003846	0,034523	0,466384	0,073909	0,127441	
-0,003809	0,041565	0,473946	0,087565	0,134889	
-0,003771	0,047596	0,481528	0,098691	0,122519	
-0,003734	0,052192	0,489126	0,106540	0,124692	
-0,003696	0,055023	0,496739	0,110598	0,125332	
-0,003659	0,055868	0,504366	0,110599	0,144510	
-0,003621	0,054636	0,512004	0,106546	0,150488	
-0,003584	0,051368	0,519651	0,098700	0,172319	
-0,003546	0,046251	0,527306	0,087576	0,179255	
-0,003509	0,039606	0,534965	0,073921	0,190571	
-0,003471	0,031892	0,542629	0,058682	0,202365	
-0,003434	0,023681	0,550293	0,042967	0,237047	
-0,003396	0,015646	0,557957	0,027998	0,241969	
-0,003359	0,008535	0,565618	0,015066	0,265942	
-0,003321	0,003139	0,573274	0,005468	0,274477	
-0,003284	0,000266	0,580924	0,000457	0,293911	
-0,003246	0,000700	0,588565	0,001187	0,298706	
-0,003208	0,005171	0,596194	0,008660	0,314911	
-0,003171	0,014320	0,603811	0,023680	0,319067	
-0,003133	0,028667	0,611413	0,046814	0,335880	
-0,003096	0,048579	0,618997	0,078360	0,336360	
-0,003058	0,074252	0,626563	0,118325	0,355250	
-0,003021	0,105689	0,634107	0,166417	0,357360	
-0,002983	0,142686	0,641627	0,222040	0,362123	
-0,002946	0,184835	0,649122	0,284308	0,354259	
-0,002908	0,231519	0,656590	0,352067	0,378105	
-0,002871	0,281932	0,664027	0,423926	0,391945	
-0,002833	0,335090	0,671433	0,498300	0,411188	
-0,002796	0,389863	0,678805	0,573455	0,426786	
-0,002758	0,445004	0,686140	0,647565	0,453380	
-0,002721	0,499191	0,693438	0,718772	0,453284	
-0,002683	0,551063	0,700695	0,785244	0,494454	
-0,002646	0,599271	0,707910	0,845234	0,501167	
-0,002608	0,642517	0,715080	0,897144	0,527601	
-0,002571	0,679606	0,722204	0,939570	0,547483	
-0,002533	0,709481	0,729279	0,971356	0,572959	
-0,002495	0,731265	0,736304	0,991630	0,588173	
-0,002458	0,744295	0,743276	0,999831	0,632860	
-0,002420	0,748143	0,750193	0,995734	0,635800	
-0,002383	0,742638	0,757053	0,979452	0,668020	
-0,002345	0,727875	0,763855	0,951434	0,680039	
-0,002308	0,704212	0,770595	0,912450	0,700112	
-0,002270	0,672260	0,777273	0,863567	0,704875	
-0,002233	0,632870	0,783885	0,806109	0,727953	
-0,002195	0,587099	0,790431	0,741617	0,725396	
-0,002158	0,536181	0,796908	0,671792	0,771936	
-0,002120	0,481480	0,803314	0,598445	0,753748	
-0,002083	0,424449	0,809648	0,523434	0,743487	
-0,002045	0,366579	0,815907	0,448600	0,730574	
-0,002008	0,309346	0,822089	0,375714	0,745533	
-0,001970	0,254164	0,828193	0,306418	0,728880	
-0,001933	0,202335	0,834217	0,242173	0,728209	
-0,001895	0,155008	0,840158	0,184215	0,693080	
-0,001858	0,113137	0,846016	0,133524	0,680071	
-0,001820	0,077456	0,851788	0,090793	0,639572	
-0,001782	0,048452	0,857472	0,056418	0,621640	
-0,001745	0,026356	0,863067	0,030491	0,590315	
-0,001707	0,011142	0,868571	0,012809	0,580151	
-0,001670	0,002531	0,873983	0,002891	0,549592	
-0,001632	0,000008	0,879300	0,000009	0,517980	
-0,001595	0,002855	0,884521	0,003223	0,476458	
-0,001557	0,010178	0,889644	0,011423	0,451175	
-0,001520	0,020954	0,894668	0,023385	0,411795	
-0,001482	0,034073	0,899592	0,037818	0,389644	
-0,001445	0,048392	0,904413	0,053424	0,349017	
-0,001407	0,062784	0,909130	0,068953	0,340898	
-0,001370	0,076187	0,913742	0,083252	0,298450	
-0,001332	0,087657	0,918247	0,095315	0,279111	
-0,001295	0,096403	0,922644	0,104325	0,258526	
-0,001257	0,101830	0,926931	0,109688	0,274317	
-0,001220	0,103563	0,931108	0,111055	0,276650	
-0,001182	0,101469	0,935172	0,108336	0,310724	
-0,001145	0,095664	0,939123	0,101709	0,329263	
-0,001107	0,086513	0,942959	0,091605	0,360684	
-0,001069	0,074616	0,946679	0,078697	0,375324	
-0,001032	0,060787	0,950281	0,063870	0,404891	
-0,000994	0,046024	0,953766	0,048181	0,415631	
-0,000957	0,031464	0,957131	0,032823	0,428800	
-0,000919	0,018340	0,960375	0,019067	0,434713	
-0,000882	0,007928	0,963498	0,008216	0,458654	
-0,000844	0,001493	0,966499	0,001543	0,472303	
-0,000807	0,000234	0,969376	0,000241	0,476203	
-0,000769	0,005227	0,972129	0,005368	0,472751	
-0,000732	0,017377	0,974756	0,017800	0,486176	
-0,000694	0,037374	0,977257	0,038185	0,488189	
-0,000657	0,065652	0,979631	0,066915	0,488605	
-0,000619	0,102365	0,981878	0,104095	0,478536	
-0,000582	0,147366	0,983996	0,149532	0,501870	
-0,000544	0,200199	0,985986	0,202733	0,497747	
-0,000507	0,260109	0,987845	0,262904	0,517788	
-0,000469	0,326051	0,989574	0,328980	0,515870	
-0,000432	0,396724	0,991172	0,399643	0,539812	
-0,000394	0,470605	0,992639	0,473366	0,543743	
-0,000356	0,545996	0,993974	0,548461	0,573853	
-0,000319	0,621075	0,995177	0,623126	0,589643	
-0,000281	0,693963	0,996247	0,695506	0,615247	
-0,000244	0,762776	0,997184	0,763754	0,630942	
-0,000206	0,825696	0,997988	0,826089	0,668180	
-0,000169	0,881027	0,998658	0,880855	0,688158	
-0,000131	0,927258	0,999195	0,926579	0,722455	
-0,000094	0,963112	0,999597	0,962019	0,750807	
-0,000056	0,987587	0,999866	0,986202	0,817836	
-0,000019	1,000000	1,000000	0,998463	0,823174	
0,000019	1,000000	1,000000	0,998463	0,837015	
0,000056	0,987587	0,999866	0,986202	0,837622	
0,000094	0,963112	0,999597	0,962019	0,859486	
0,000131	0,927258	0,999195	0,926579	0,907432	
0,000169	0,881027	0,998658	0,880855	0,961515	
0,000206	0,825696	0,997988	0,826089	0,989133	
0,000244	0,762776	0,997184	0,763754	0,998114	
0,000281	0,693963	0,996247	0,695506	1,000000	
0,000319	0,621075	0,995177	0,623126	0,987438	
0,000356	0,545996	0,993974	0,548461	0,985009	
0,000394	0,470605	0,992639	0,473366	0,993320	
0,000432	0,396724	0,991172	0,399643	0,989708	
0,000469	0,326051	0,989574	0,328980	0,967716	
0,000507	0,260109	0,987845	0,262904	0,944319	
0,000544	0,200199	0,985986	0,202733	0,918076	
0,000582	0,147366	0,983996	0,149532	0,890267	
0,000619	0,102365	0,981878	0,104095	0,877641	
0,000657	0,065652	0,979631	0,066915	0,831421	
0,000694	0,037374	0,977257	0,038185	0,786991	
0,000732	0,017377	0,974756	0,017800	0,721656	
0,000769	0,005227	0,972129	0,005368	0,700624	
0,000807	0,000234	0,969376	0,000241	0,662394	
0,000844	0,001493	0,966499	0,001543	0,621288	
0,000882	0,007928	0,963498	0,008216	0,549401	
0,000919	0,018340	0,960375	0,019067	0,525204	
0,000957	0,031464	0,957131	0,032823	0,474125	
0,000994	0,046024	0,953766	0,048181	0,438645	
0,001032	0,060787	0,950281	0,063870	0,404283	
0,001069	0,074616	0,946679	0,078697	0,387982	
0,001107	0,086513	0,942959	0,091605	0,346876	
0,001145	0,095664	0,939123	0,101709	0,322391	
0,001182	0,101469	0,935172	0,108336	0,275691	
0,001220	0,103563	0,931108	0,111055	0,274636	
0,001257	0,101830	0,926931	0,109688	0,266390	
0,001295	0,096403	0,922644	0,104325	0,307687	
0,001332	0,087657	0,918247	0,095315	0,328976	
0,001370	0,076187	0,913742	0,083252	0,351862	
0,001407	0,062784	0,909130	0,068953	0,354227	
0,001445	0,048392	0,904413	0,053424	0,378009	
0,001482	0,034073	0,899592	0,037818	0,392744	
0,001520	0,020954	0,894668	0,023385	0,413138	
0,001557	0,010178	0,889644	0,011423	0,420777	
0,001595	0,002855	0,884521	0,003223	0,440754	
0,001632	0,000008	0,879300	0,000009	0,427777	
0,001670	0,002531	0,873983	0,002891	0,439060	
0,001707	0,011142	0,868571	0,012809	0,439156	
0,001745	0,026356	0,863067	0,030491	0,446125	
0,001782	0,048452	0,857472	0,056418	0,441106	
0,001820	0,077456	0,851788	0,090793	0,438165	
0,001858	0,113137	0,846016	0,133524	0,431165	
0,001895	0,155008	0,840158	0,184215	0,434969	
0,001933	0,202335	0,834217	0,242173	0,426498	
0,001970	0,254164	0,828193	0,306418	0,432955	
0,002008	0,309346	0,822089	0,375714	0,430750	
0,002045	0,366579	0,815907	0,448600	0,431613	
0,002083	0,424449	0,809648	0,523434	0,434234	
0,002120	0,481480	0,803314	0,598445	0,463321	
0,002158	0,536181	0,796908	0,671792	0,473358	
0,002195	0,587099	0,790431	0,741617	0,507911	
0,002233	0,632870	0,783885	0,806109	0,518683	
0,002270	0,672260	0,777273	0,863567	0,535656	
0,002308	0,704212	0,770595	0,912450	0,570273	
0,002345	0,727875	0,763855	0,951434	0,585744	
0,002383	0,742638	0,757053	0,979452	0,611060	
0,002420	0,748143	0,750193	0,995734	0,636983	
0,002458	0,744295	0,743276	0,999831	0,645581	
0,002495	0,731265	0,736304	0,991630	0,659646	
0,002533	0,709481	0,729279	0,971356	0,661244	
0,002571	0,679606	0,722204	0,939570	0,697267	
0,002608	0,642517	0,715080	0,897144	0,685761	
0,002646	0,599271	0,707910	0,845234	0,710404	
0,002683	0,551063	0,700695	0,785244	0,713697	
0,002721	0,499191	0,693438	0,718772	0,730862	
0,002758	0,445004	0,686140	0,647565	0,716382	
0,002796	0,389863	0,678805	0,573455	0,725811	
0,002833	0,335090	0,671433	0,498300	0,699793	
0,002871	0,281932	0,664027	0,423926	0,697203	
0,002908	0,231519	0,656590	0,352067	0,682723	
0,002946	0,184835	0,649122	0,284308	0,677706	
0,002983	0,142686	0,641627	0,222040	0,638869	
0,003021	0,105689	0,634107	0,166417	0,637974	
0,003058	0,074252	0,626563	0,118325	0,610708	
0,003096	0,048579	0,618997	0,078360	0,576091	
0,003133	0,028667	0,611413	0,046814	0,541538	
0,003171	0,014320	0,603811	0,023680	0,540291	
0,003208	0,005171	0,596194	0,008660	0,504235	
0,003246	0,000700	0,588565	0,001187	0,486399	
0,003284	0,000266	0,580924	0,000457	0,461659	
0,003321	0,003139	0,573274	0,005468	0,422599	
0,003359	0,008535	0,565618	0,015066	0,382132	
0,003396	0,015646	0,557957	0,027998	0,367972	
0,003434	0,023681	0,550293	0,042967	0,330031	
0,003471	0,031892	0,542629	0,058682	0,304523	
0,003509	0,039606	0,534965	0,073921	0,258527	
0,003546	0,046251	0,527306	0,087576	0,230366	
0,003584	0,051368	0,519651	0,098700	0,193288	
0,003621	0,054636	0,512004	0,106546	0,181876	
0,003659	0,055868	0,504366	0,110599	0,156049	
0,003696	0,055023	0,496739	0,110598	0,151926	
0,003734	0,052192	0,489126	0,106540	0,146812	
0,003771	0,047596	0,481528	0,098691	0,160652	
0,003809	0,041565	0,473946	0,087565	0,161611	
0,003846	0,034523	0,466384	0,073909	0,184146	
0,003884	0,026961	0,458842	0,058668	0,193064	
0,003921	0,019416	0,451323	0,042953	0,199617	
0,003959	0,012440	0,443828	0,027986	0,193671	
0,003997	0,006580	0,436359	0,015056	0,211124	
0,004034	0,002346	0,428918	0,005462	0,214512	
0,004072	0,000192	0,421507	0,000455	0,221768	
0,004109	0,000494	0,414128	0,001191	0,216749	
0,004147	0,003532	0,406782	0,008669	0,216302	
0,004184	0,009480	0,399470	0,023696	0,203964	
0,004222	0,018397	0,392195	0,046836	0,202333	
0,004259	0,030223	0,384959	0,078388	0,188205	
0,004297	0,044781	0,377762	0,118359	0,179127	
0,004334	0,061785	0,370607	0,166456	0,166502	
0,004372	0,080850	0,363494	0,222084	0,168867	
0,004409	0,101508	0,356426	0,284355	0,153300	
0,004447	0,123220	0,349404	0,352117	0,157072	
0,004484	0,145406	0,342430	0,423977	0,152182	
0,004522	0,167456	0,335504	0,498351	0,158511	
0,004559	0,188760	0,328629	0,573504	0,153716	
0,004597	0,208726	0,321806	0,647611	0,174684	
0,004634	0,226801	0,315036	0,718815	0,181013	
0,004672	0,242491	0,308321	0,785281	0,203548	
0,004710	0,255376	0,301661	0,845266	0,211028	
0,004747	0,265125	0,295058	0,897170	0,216526	
0,004785	0,271502	0,288514	0,939589	0,222087	
0,004822	0,274376	0,282029	0,971369	0,246955	
0,004860	0,273721	0,275605	0,991637	0,250280	
0,004897	0,269613	0,269243	0,999832	0,271025	
0,004935	0,262225	0,262945	0,995730	0,282052	
0,004972	0,251820	0,256710	0,979443	0,298450	
0,005010	0,238736	0,250540	0,951422	0,276714	
0,005047	0,223376	0,244437	0,912436	0,292217	
0,005085	0,206188	0,238400	0,863551	0,299441	
0,005122	0,187650	0,232432	0,806093	0,301007	
0,005160	0,168256	0,226533	0,741601	0,285760	
0,005197	0,148492	0,220704	0,671778	0,288669	
0,005235	0,128829	0,214946	0,598433	0,288061	
0,005272	0,109700	0,209260	0,523424	0,292537	
0,005310	0,091495	0,203646	0,448593	0,276554	
0,005347	0,074545	0,198105	0,375710	0,269490	
0,005385	0,059118	0,192638	0,306417	0,236503	
0,005423	0,045416	0,187246	0,242174	0,234170	
0,005460	0,033566	0,181929	0,184218	0,228800	
0,005498	0,023629	0,176688	0,133529	0,213873	
0,005535	0,015598	0,171523	0,090799	0,181589	
0,005573	0,009405	0,166436	0,056424	0,170050	
0,005610	0,004930	0,161426	0,030496	0,152597	
0,005648	0,002008	0,156494	0,012812	0,151223	
0,005685	0,000439	0,151640	0,002893	0,131725	
0,005723	0,000001	0,146866	0,000009	0,115039	
0,005760	0,000459	0,142170	0,003220	0,090746	
0,005798	0,001573	0,137555	0,011419	0,089819	
0,005835	0,003114	0,133019	0,023378	0,075979	
0,005873	0,004868	0,128564	0,037809	0,077321	
0,005910	0,006644	0,124189	0,053415	0,070002	
0,005948	0,008279	0,119895	0,068943	0,078025	
0,005985	0,009644	0,115681	0,083242	0,065367	
0,006023	0,010648	0,111549	0,095307	0,069426	
0,006060	0,011231	0,107498	0,104320	0,062810	
0,006098	0,011373	0,103528	0,109685	0,064152	
0,006136	0,011082	0,099639	0,111055	0,061691	
0,006173	0,010398	0,095831	0,108341	0,071696	
0,006211	0,009383	0,092105	0,101717	0,070385	
0,006248	0,008117	0,088460	0,091617	0,080262	
0,006286	0,006693	0,084896	0,078713	0,077098	
0,006323	0,005209	0,081413	0,063888	0,086783	
0,006361	0,003766	0,078011	0,048201	0,079879	
0,006398	0,002457	0,074689	0,032842	0,087774	
0,006436	0,001366	0,071448	0,019084	0,085664	
0,006473	0,000563	0,068288	0,008229	0,090107	
0,006511	0,000101	0,065207	0,001549	0,084194	
0,006548	0,000015	0,062206	0,000238	0,094454	
0,006586	0,000318	0,059284	0,005354	0,090746	
0,006623	0,001005	0,056442	0,017772	0,094774	
0,006661	0,002051	0,053678	0,038142	0,091705	
0,006698	0,003414	0,050992	0,066854	0,100463	
0,006736	0,005040	0,048384	0,104016	0,089755	
0,006773	0,006863	0,045854	0,149435	0,095925	
0,006811	0,008807	0,043400	0,202617	0,086655	
0,006849	0,010796	0,041023	0,262771	0,095413	
0,006886	0,012752	0,038721	0,328830	0,095957	
0,006924	0,014601	0,036495	0,399479	0,106729	
0,006961	0,016276	0,034343	0,473192	0,104171	
0,006999	0,017718	0,032266	0,548281	0,110916	
0,007036	0,018880	0,030262	0,622943	0,110213	
0,007074	0,019729	0,028330	0,695326	0,122391	
0,007111	0,020244	0,026471	0,763582	0,124213	
0,007149	0,020418	0,024683	0,825929	0,135848	
0,007186	0,020258	0,022966	0,880714	0,139652	
0,007224	0,019782	0,021319	0,926463	0,152437	
0,007261	0,019019	0,019741	0,961931	0,157392	
0,007299	0,018006	0,018231	0,986147	0,176123	
0,007336	0,016789	0,016789	0,998444	0,171328	
0,007374	0,015414	0,015414	0,998483	0,180790	
0,007411	0,013932	0,014104	0,986262	0,192009	
0,007449	0,012391	0,012860	0,962119	0,211315	
0,007486	0,010840	0,011679	0,926719	0,214767	
0,007524	0,009320	0,010562	0,881033	0,232060	
0,007562	0,007868	0,009508	0,826301	0,239220	
0,007599	0,006515	0,008514	0,763997	0,246892	
0,007637	0,005283	0,007582	0,695774	0,238133	
0,007674	0,004189	0,006709	0,623412	0,254403	
0,007712	0,003239	0,005894	0,548759	0,247499	
0,007749	0,002437	0,005137	0,473669	0,255650	
0,007787	0,001777	0,004437	0,399943	0,249193	
0,007824	0,001251	0,003792	0,329271	0,255458	
0,007862	0,000844	0,003202	0,263179	0,252965	
0,007899	0,000542	0,002666	0,202984	0,247978	
0,007937	0,000327	0,002182	0,149756	0,227585	
0,007974	0,000183	0,001750	0,104286	0,214704	
0,008012	0,000092	0,001368	0,067070	0,185840	
0,008049	0,000040	0,001035	0,038303	0,179064	
0,008087	0,000013	0,000751	0,017880	0,160364	
0,008124	0,000003	0,000514	0,005412	0,158606	
0,008162	0,000000	0,000323	0,000250	0,151670	
0,008199	0,000000	0,000178	0,001521	0,146300	
0,008237	0,000001	0,000076	0,008168	0,123638	
0,008274	0,000000	0,000017	0,018999	0,117053	
0,008312	0,000000	0,000000	0,032741	0,095893	
0,008350	0,000001	0,000024	0,048093	0,094135	
0,008387	0,000006	0,000087	0,063781	0,076810	
0,008425	0,000015	0,000189	0,078615	0,075499	
0,008462	0,000030	0,000328	0,091536	0,066805	
0,008500	0,000051	0,000504	0,101657	0,070098	
0,008537	0,000077	0,000714	0,108307	0,053508	
0,008575	0,000107	0,000959	0,111050	0,051047	
0,008612	0,000136	0,001236	0,109710	0,052517	
0,008650	0,000162	0,001546	0,104372	0,063673	
0,008687	0,000180	0,001886	0,095385	0,053476	
0,008725	0,000188	0,002255	0,083341	0,056705	
0,008762	0,000184	0,002653	0,069056	0,056673	
0,008800	0,000165	0,003079	0,053533	0,069490	
0,008837	0,000134	0,003530	0,037925	0,066038	
0,008875	0,000094	0,004007	0,023481	0,078153	
0,008912	0,000052	0,004508	0,011498	0,072783	
0,008950	0,000016	0,005033	0,003267	0,078184	
0,008987	0,000000	0,005579	0,000012	0,075467	
0,009025	0,000018	0,006146	0,002843	0,086271	
0,009063	0,000086	0,006732	0,012702	0,082148	
0,009100	0,000223	0,007338	0,030320	0,082468	
0,009138	0,000448	0,007961	0,056177	0,077130	
0,009175	0,000779	0,008601	0,090480	0,083235	
0,009213	0,001234	0,009256	0,133138	0,072751	
0,009250	0,001827	0,009927	0,183759	0,072463	
0,009288	0,002568	0,010610	0,241652	0,070897	
0,009325	0,003463	0,011307	0,305840	0,080454	
0,009363	0,004514	0,012015	0,375090	0,069810	
0,009400	0,005713	0,012733	0,447941	0,076426	
0,009438	0,007048	0,013462	0,522756	0,070353	
0,009475	0,008500	0,014198	0,597765	0,080997	
0,009513	0,010044	0,014943	0,671126	0,076938	
0,009550	0,011647	0,015695	0,740983	0,081445	
0,009588	0,013273	0,016452	0,805525	0,070961	
0,009625	0,014880	0,017214	0,863050	0,079463	
0,009663	0,016424	0,017981	0,912017	0,083107	
0,009700	0,017861	0,018751	0,951099	0,091737	
0,009738	0,019147	0,019523	0,979227	0,093847	
0,009776	0,020239	0,020296	0,995629	0,107464	
0,009813	0,021100	0,021070	0,999852	0,112418	
0,009851	0,021698	0,021844	0,991779	0,122870	
0,009888	0,022009	0,022617	0,971633	0,112514	
0,009926	0,022018	0,023388	0,939970	0,121464	
0,009963	0,021718	0,024157	0,897659	0,117916	
0,010001	0,021113	0,024922	0,845854	0,135496	
0,010038	0,020217	0,025684	0,785953	0,135624	
0,010076	0,019054	0,026440	0,719554	0,138341	
0,010113	0,017658	0,027191	0,648401	0,139076	
0,010151	0,016069	0,027936	0,574325	0,147355	
0,010188	0,014335	0,028674	0,499182	0,141697	
0,010226	0,012510	0,029404	0,424800	0,138149	
0,010263	0,010648	0,030126	0,352911	0,125044	
0,010301	0,008806	0,030839	0,285103	0,128688	
0,010338	0,007038	0,031543	0,222770	0,123254	
0,010376	0,005394	0,032237	0,167067	0,124533	
0,010413	0,003920	0,032920	0,118884	0,110692	
0,010451	0,002652	0,033592	0,078818	0,110884	
0,010489	0,001618	0,034253	0,047168	0,096404	
0,010526	0,000836	0,034901	0,023930	0,097874	
0,010564	0,000313	0,035536	0,008808	0,086911	
0,010601	0,000045	0,036158	0,001241	0,081157	
0,010639	0,000016	0,036767	0,000426	0,070609	
0,010676	0,000201	0,037361	0,005365	0,075691	
0,010714	0,000566	0,037941	0,014907	0,066230	
0,010751	0,001072	0,038506	0,027800	0,070321	
0,010789	0,001672	0,039056	0,042746	0,060476	
0,010826	0,002318	0,039589	0,058457	0,057280	
0,010864	0,002961	0,040107	0,073709	0,046124	
0,010901	0,003554	0,040608	0,087392	0,047914	
0,010939	0,004056	0,041093	0,098557	0,038900	
0,010976	0,004431	0,041560	0,106455	0,042704	
0,011014	0,004652	0,042011	0,110568	0,040754	
0,011051	0,004703	0,042443	0,110628	0,046092	
0,011089	0,004577	0,042858	0,106633	0,040211	
0,011126	0,004282	0,043255	0,098841	0,045805	
0,011164	0,003835	0,043633	0,087763	0,038389	
0,011202	0,003267	0,043993	0,074142	0,045549	
0,011239	0,002616	0,044334	0,058922	0,042672	
0,011277	0,001932	0,044656	0,043207	0,053252	
0,011314	0,001271	0,044960	0,028220	0,053157	
0,011352	0,000691	0,045244	0,015248	0,058686	
0,011389	0,000255	0,045509	0,005589	0,050344	
0,011427	0,000023	0,045755	0,000496	0,052581	
0,011464	0,000052	0,045982	0,001124	0,048458	
0,011502	0,000392	0,046189	0,008477	0,056033	
0,011539	0,001085	0,046377	0,023363	0,052453	
0,011577	0,002161	0,046545	0,046353	0,060892	
0,011614	0,003636	0,046693	0,077749	0,054147	
0,011652	0,005513	0,046823	0,117564	0,061787	
0,011689	0,007780	0,046932	0,165509	0,057759	
0,011727	0,010408	0,047023	0,220995	0,058974	
0,011764	0,013355	0,047094	0,283142	0,054147	
0,011802	0,016564	0,047145	0,350801	0,061883	
0,011839	0,019967	0,047178	0,422585	0,060348	
0,011877	0,023486	0,047191	0,496913	0,068244	
0,011915	0,027034	0,047185	0,572054	0,061531	
0,011952	0,030521	0,047161	0,646186	0,066645	
0,011990	0,033856	0,047117	0,717451	0,059709	
0,012027	0,036949	0,047055	0,784016	0,072399	
0,012065	0,039714	0,046975	0,844136	0,070737	
0,012102	0,042075	0,046876	0,896207	0,082084	
0,012140	0,043966	0,046759	0,938825	0,080550	
0,012177	0,045334	0,046625	0,970827	0,091130	
0,012215	0,046141	0,046472	0,991336	0,090619	
0,012252	0,046364	0,046303	0,999786	0,100623	
0,012290	0,045999	0,046116	0,995945	0,098322	
0,012327	0,045059	0,045912	0,979917	0,115071	
0,012365	0,043572	0,045691	0,952146	0,115135	
0,012402	0,041582	0,045454	0,913396	0,128720	
0,012440	0,039147	0,045201	0,864724	0,131373	
0,012477	0,036336	0,044932	0,807451	0,145789	
0,012515	0,033229	0,044647	0,743110	0,140163	
0,012552	0,029910	0,044348	0,673401	0,143871	
0,012590	0,026466	0,044033	0,600131	0,142177	
0,012628	0,022986	0,043703	0,525154	0,144958	
0,012665	0,019555	0,043360	0,450313	0,135336	
0,012703	0,016253	0,043002	0,377381	0,143615	
0,012740	0,013150	0,042631	0,307999	0,141985	
0,012778	0,010308	0,042246	0,243634	0,145885	
0,012815	0,007776	0,041849	0,185528	0,138117	
0,012853	0,005589	0,041439	0,134664	0,137830	
0,012890	0,003769	0,041017	0,091744	0,127665	
0,012928	0,002324	0,040583	0,057169	0,131117	
0,012965	0,001248	0,040138	0,031038	0,112290	
0,013003	0,000523	0,039681	0,013158	0,109637	
0,013040	0,000120	0,039214	0,003053	0,100208	
0,013078	0,000000	0,038737	0,000003	0,098833	
0,013115	0,000118	0,038250	0,003071	0,088509	
0,013153	0,000422	0,037754	0,011154	0,093783	
0,013190	0,000859	0,037248	0,023029	0,079431	
0,013228	0,001376	0,036734	0,037409	0,079079	
0,013265	0,001922	0,036212	0,052996	0,063960	
0,013303	0,002449	0,035682	0,068539	0,058143	
0,013341	0,002917	0,035145	0,082882	0,051814	
0,013378	0,003293	0,034601	0,095016	0,053892	
0,013416	0,003551	0,034050	0,104119	0,041490	
0,013453	0,003676	0,033493	0,109590	0,039476	
0,013491	0,003663	0,032931	0,111073	0,035576	
0,013528	0,003516	0,032363	0,108472	0,044143	
0,013566	0,003246	0,031790	0,101955	0,040467	
0,013603	0,002874	0,031213	0,091948	0,043887	
0,013641	0,002427	0,030632	0,079115	0,042161	
0,013678	0,001936	0,030047	0,064335	0,047595	
0,013716	0,001436	0,029460	0,048660	0,042033	
0,013753	0,000962	0,028869	0,033277	0,047083	
0,013791	0,000551	0,028276	0,019456	0,041458	
0,013828	0,000236	0,027681	0,008498	0,046636	
0,013866	0,000045	0,027085	0,001677	0,042992	
0,013903	0,000005	0,026488	0,000189	0,053540	
0,013941	0,000132	0,025890	0,005094	0,045581	
0,013978	0,000438	0,025291	0,017274	0,050631	
0,014016	0,000925	0,024693	0,037387	0,045965	
0,014054	0,001589	0,024096	0,065830	0,052805	
0,014091	0,002417	0,023499	0,102720	0,052837	
0,014129	0,003392	0,022903	0,147874	0,054179	
0,014166	0,004487	0,022309	0,200807	0,045933	
0,014204	0,005671	0,021717	0,260739	0,052613	
0,014241	0,006911	0,021128	0,326611	0,052166	
0,014279	0,008170	0,020541	0,397117	0,060700	
0,014316	0,009409	0,019958	0,470739	0,047691	
0,014354	0,010593	0,019378	0,545792	0,050248	
0,014391	0,011684	0,018802	0,620481	0,047659	
0,014429	0,012652	0,018230	0,692953	0,056225	
0,014466	0,013468	0,017662	0,761360	0,049992	
0,014504	0,014111	0,017100	0,823921	0,054435	
0,014541	0,014563	0,016543	0,878977	0,050280	
0,014579	0,014815	0,015991	0,925047	0,059677	
0,014616	0,014863	0,015445	0,960881	0,055682	
0,014654	0,014711	0,014905	0,985497	0,065527	
0,014691	0,014368	0,014371	0,998218	0,060253	
0,014729	0,013848	0,013844	0,998692	0,065143	
0,014767	0,013170	0,013325	0,986908	0,060253	
0,014804	0,012359	0,012812	0,963189	0,068339	
0,014842	0,011441	0,012307	0,928190	0,066006	
0,014879	0,010443	0,011810	0,882869	0,076682	
0,014917	0,009393	0,011321	0,828457	0,070257	
0,014954	0,008320	0,010840	0,766420	0,071696	
0,014992	0,007252	0,010367	0,698403	0,071280	
0,015029	0,006211	0,009904	0,626181	0,085281	
0,015067	0,005220	0,009449	0,551600	0,077865	
0,015104	0,004297	0,009003	0,476512	0,078280	
0,015142	0,003455	0,008567	0,402721	0,070577	
0,015179	0,002706	0,008140	0,331920	0,074541	
0,015217	0,002055	0,007724	0,265642	0,067956	
0,015254	0,001504	0,007317	0,205212	0,071760	
0,015292	0,001051	0,006920	0,151707	0,065239	
0,015329	0,000693	0,006533	0,105931	0,066102	
0,015367	0,000422	0,006157	0,068392	0,058878	
0,015404	0,000228	0,005791	0,039295	0,061691	
0,015442	0,000101	0,005436	0,018547	0,052070	
0,015479	0,000029	0,005091	0,005771	0,052389	
0,015517	0,000002	0,004758	0,000328	0,046860	
0,015555	0,000006	0,004435	0,001355	0,051974	
0,015592	0,000032	0,004124	0,007801	0,039572	
0,015630	0,000071	0,003824	0,018480	0,042960	
0,015667	0,000114	0,003535	0,032123	0,036056	
0,015705	0,000155	0,003257	0,047429	0,040754	
0,015742	0,000189	0,002990	0,063124	0,035512	
0,015780	0,000214	0,002735	0,078013	0,039412	
0,015817	0,000227	0,002492	0,091031	0,032604	
0,015855	0,000229	0,002260	0,101287	0,036663	
0,015892	0,000221	0,002039	0,108096	0,035800	
0,015930	0,000203	0,001830	0,111015	0,040850	
0,015967	0,000180	0,001632	0,109855	0,036088	
0,016005	0,000152	0,001446	0,104691	0,039252	
0,016042	0,000122	0,001272	0,095857	0,035896	
0,016080	0,000093	0,001109	0,083938	0,041585	
0,016117	0,000067	0,000957	0,069737	0,036471	
0,016155	0,000044	0,000817	0,054251	0,036631	
0,016192	0,000027	0,000688	0,038624	0,039316	
0,016230	0,000014	0,000571	0,024102	0,047275	
0,016268	0,000006	0,000464	0,011981	0,042736	
0,016305	0,000001	0,000369	0,003549	0,047786	
0,016343	0,000000	0,000285	0,000037	0,042864	
0,016380	0,000001	0,000212	0,002558	0,044750	
0,016418	0,000002	0,000150	0,012063	0,039508	
0,016455	0,000003	0,000099	0,029293	0,049640	
0,016493	0,000003	0,000059	0,054741	0,043280	
0,016530	0,000003	0,000029	0,088627	0,047339	
0,016568	0,000001	0,000010	0,130874	0,044846	
0,016605	0,000000	0,000001	0,181106	0,052230	
0,016643	0,000000	0,000002	0,238646	0,041106	
0,016680	0,000004	0,000013	0,302532	0,045996	
0,016718	0,000013	0,000035	0,371542	0,042065	
0,016755	0,000029	0,000066	0,444230	0,048202	
0,016793	0,000055	0,000107	0,518966	0,041873	
0,016830	0,000093	0,000157	0,593987	0,043951	
0,016868	0,000145	0,000217	0,667455	0,042896	
0,016905	0,000211	0,000285	0,737514	0,055841	
0,016943	0,000292	0,000363	0,802354	0,047595	
0,016981	0,000387	0,000450	0,860264	0,049736	
0,017018	0,000496	0,000545	0,909696	0,051590	
0,017056	0,000616	0,000648	0,949312	0,062842	
0,017093	0,000744	0,000760	0,978031	0,047723	
0,017131	0,000877	0,000880	0,995062	0,050599	
0,017168	0,001009	0,001007	0,999938	0,051910	
0,017206	0,001135	0,001142	0,992522	0,066741	
0,017243	0,001252	0,001285	0,973021	0,065367	
0,017281	0,001353	0,001434	0,941971	0,074700	
0,017318	0,001434	0,001591	0,900225	0,063449	
0,017356	0,001491	0,001754	0,848921	0,070129	
0,017393	0,001521	0,001924	0,789444	0,065750	
0,017431	0,001521	0,002100	0,723381	0,075084	
0,017468	0,001491	0,002282	0,652467	0,074892	
0,017506	0,001431	0,002469	0,578527	0,082180	
0,017543	0,001343	0,002663	0,503419	0,079655	
0,017581	0,001229	0,002861	0,428970	0,084002	
0,017618	0,001096	0,003065	0,356917	0,072111	
0,017656	0,000947	0,003273	0,288858	0,080901	
0,017694	0,000790	0,003486	0,226195	0,079879	
0,017731	0,000631	0,003704	0,170099	0,084066	
0,017769	0,000478	0,003925	0,121475	0,079048	
0,017806	0,000336	0,004151	0,080936	0,083043	
0,017844	0,000214	0,004379	0,048799	0,075755	
0,017881	0,000116	0,004612	0,025076	0,078089	
0,017919	0,000046	0,004847	0,009491	0,070737	
0,017956	0,000008	0,005085	0,001495	0,073102	
0,017994	0,000002	0,005326	0,000302	0,066805	
0,018031	0,000027	0,005569	0,004923	0,065623	
0,018069	0,000083	0,005814	0,014218	0,055746	
0,018106	0,000164	0,006061	0,026939	0,062842	
0,018144	0,000264	0,006310	0,041792	0,050855	
0,018181	0,000378	0,006560	0,057487	0,052166	
0,018219	0,000497	0,006811	0,072796	0,043024	
0,018256	0,000613	0,007063	0,086602	0,049864	
0,018294	0,000718	0,007315	0,097945	0,038805	
0,018331	0,000804	0,007568	0,106064	0,039092	
0,018369	0,000865	0,007821	0,110426	0,034330	
0,018407	0,000896	0,008074	0,110747	0,039923	
0,018444	0,000892	0,008327	0,107007	0,033690	
0,018482	0,000855	0,008579	0,099449	0,037654	
0,018519	0,000783	0,008831	0,088567	0,033914	
0,018557	0,000683	0,009081	0,075089	0,038389	
0,018594	0,000560	0,009330	0,059946	0,036343	
0,018632	0,000424	0,009578	0,044232	0,039987	
0,018669	0,000287	0,009824	0,029163	0,031772	
0,018707	0,000162	0,010068	0,016021	0,033786	
0,018744	0,000063	0,010310	0,006105	0,029024	
0,018782	0,000007	0,010550	0,000670	0,036183	
0,018819	0,000010	0,010787	0,000880	0,032092	
0,018857	0,000086	0,011022	0,007748	0,038261	
0,018894	0,000249	0,011254	0,022097	0,036695	
0,018932	0,000512	0,011482	0,044512	0,040818	
0,018969	0,000883	0,011708	0,075317	0,037526	
0,019007	0,001369	0,011930	0,114543	0,045901	
0,019044	0,001970	0,012148	0,161924	0,042289	
0,019082	0,002685	0,012362	0,216891	0,043024	
0,019120	0,003508	0,012573	0,278585	0,043631	
0,019157	0,004427	0,012779	0,345875	0,049704	
0,019195	0,005426	0,012981	0,417393	0,041170	
0,019232	0,006488	0,013178	0,491569	0,037078	
0,019270	0,007589	0,013371	0,566686	0,036311	
0,019307	0,008704	0,013560	0,640927	0,041617	
0,019345	0,009806	0,013743	0,712435	0,038165	
0,019382	0,010866	0,013921	0,779378	0,045357	
0,019420	0,011857	0,014094	0,840001	0,039827	
0,019457	0,012751	0,014262	0,892693	0,048298	
0,019495	0,013522	0,014424	0,936033	0,043024	
0,019532	0,014148	0,014581	0,968842	0,050216	
0,019570	0,014610	0,014732	0,990220	0,050120	
0,019607	0,014894	0,014877	0,999579	0,051366	
0,019645	0,014990	0,015017	0,996660	0,043407	
0,019682	0,014894	0,015151	0,981544	0,049225	
0,019720	0,014608	0,015278	0,954649	0,045741	
0,019757	0,014139	0,015400	0,916713	0,052389	
0,019795	0,013500	0,015515	0,868773	0,054275	
0,019833	0,012708	0,015624	0,812128	0,064408	
0,019870	0,011786	0,015727	0,748297	0,064664	
0,019908	0,010760	0,015823	0,678965	0,071472	
0,019945	0,009657	0,015913	0,605932	0,063705	
0,019983	0,008508	0,015996	0,531048	0,070097	
0,020020	0,007343	0,016073	0,456159	0,065878	
0,020058	0,006193	0,016143	0,383041	0,073326	
0,020095	0,005086	0,016207	0,313347	0,072111	
0,020133	0,004049	0,016264	0,248558	0,072335	
0,020170	0,003103	0,016314	0,189933	0,058654	
0,020208	0,002269	0,016358	0,138476	0,065079	
0,020245	0,001558	0,016395	0,094911	0,066581	
0,020283	0,000982	0,016426	0,059664	0,070385	
0,020320	0,000541	0,016449	0,032859	0,060125	
0,020358	0,000236	0,016466	0,014324	0,067988	
0,020395	0,000060	0,016477	0,003608	0,058111	
0,020433	0,000000	0,016480	0,000009	0,057408	
0,020470	0,000043	0,016477	0,002608	0,048777	
0,020508	0,000170	0,016468	0,010315	0,050823	
0,020546	0,000361	0,016452	0,021918	0,042257	
0,020583	0,000595	0,016429	0,036132	0,040850	
0,020621	0,000849	0,016400	0,051661	0,034777	
0,020658	0,001102	0,016364	0,067248	0,041298	
0,020696	0,001336	0,016322	0,081729	0,036088	
0,020733	0,001533	0,016274	0,094083	0,038932	
0,020771	0,001681	0,016219	0,103470	0,033467	
0,020808	0,001768	0,016159	0,109271	0,039700	
0,020846	0,001791	0,016092	0,111106	0,032412	
0,020883	0,001746	0,016019	0,108859	0,034905	
0,020921	0,001639	0,015940	0,102674	0,034809	
0,020958	0,001476	0,015855	0,092954	0,037654	
0,020996	0,001268	0,015764	0,080344	0,032348	
0,021033	0,001031	0,015668	0,065702	0,036759	
0,021071	0,000780	0,015565	0,050066	0,030078	
0,021108	0,000536	0,015458	0,034612	0,030558	
0,021146	0,000317	0,015345	0,020603	0,028224	
0,021183	0,000142	0,015226	0,009338	0,034266	
0,021221	0,000032	0,015103	0,002094	0,033275	
0,021259	0,000001	0,014974	0,000074	0,037015	
0,021296	0,000065	0,014841	0,004354	0,030686	
0,021334	0,000233	0,014702	0,015830	0,037174	
0,021371	0,000513	0,014559	0,035182	0,029279	
0,021409	0,000907	0,014411	0,062833	0,030622	
0,021446	0,001413	0,014259	0,098926	0,027521	
0,021484	0,002024	0,014102	0,143306	0,035129	
0,021521	0,002730	0,013941	0,195517	0,029183	
0,021559	0,003516	0,013776	0,254807	0,029855	
0,021596	0,004363	0,013607	0,320143	0,032412	
0,021634	0,005251	0,013434	0,390243	0,041330	
0,021671	0,006156	0,013258	0,463609	0,031005	
0,021709	0,007054	0,013078	0,538571	0,036215	
0,021746	0,007921	0,012894	0,613345	0,031932	
0,021784	0,008732	0,012708	0,686082	0,039252	
0,021821	0,009465	0,012518	0,754936	0,032667	
0,021859	0,010099	0,012326	0,818117	0,033371	
0,021896	0,010618	0,012130	0,873953	0,028256	
0,021934	0,011006	0,011933	0,920946	0,033307	
0,021972	0,011255	0,011732	0,957823	0,031421	
0,022009	0,011358	0,011530	0,983576	0,036247	
0,022047	0,011314	0,011325	0,997496	0,034937	
0,022084	0,011126	0,011118	0,999200	0,040946	
0,022122	0,010802	0,010909	0,988640	0,037814	
0,022159	0,010352	0,010699	0,966109	0,042640	
0,022197	0,009792	0,010487	0,932226	0,039284	
0,022234	0,009137	0,010274	0,887919	0,045709	
0,022272	0,008407	0,010060	0,834394	0,042544	
0,022309	0,007622	0,009845	0,773089	0,048426	
0,022347	0,006805	0,009628	0,705635	0,046348	
0,022384	0,005974	0,009411	0,633793	0,051526	
0,022422	0,005151	0,009194	0,559401	0,047019	
0,022459	0,004354	0,008976	0,484312	0,058526	
0,022497	0,003599	0,008758	0,410334	0,056289	
0,022534	0,002901	0,008540	0,339174	0,067317	
0,022572	0,002270	0,008322	0,272382	0,055650	
0,022609	0,001715	0,008104	0,211304	0,057759	
0,022647	0,001240	0,007887	0,157044	0,056353	
0,022685	0,000848	0,007670	0,110434	0,061499	
0,022722	0,000538	0,007453	0,072014	0,050727	
0,022760	0,000305	0,007238	0,042022	0,051175	
0,022797	0,000143	0,007024	0,020396	0,045613	
0,022835	0,000046	0,006810	0,006789	0,051271	
0,022872	0,000004	0,006598	0,000590	0,049481	
0,022910	0,000006	0,006388	0,000958	0,056289	
0,022947	0,000042	0,006179	0,006864	0,049736	
0,022985	0,000102	0,005972	0,017134	0,052709	
0,023022	0,000176	0,005766	0,030508	0,044398	
0,023060	0,000255	0,005563	0,045686	0,046252	
0,023097	0,000330	0,005361	0,061392	0,043312	
0,023135	0,000395	0,005162	0,076420	0,048618	
0,023172	0,000446	0,004965	0,089691	0,041873	
0,023210	0,000479	0,004771	0,100291	0,045677	
0,023247	0,000493	0,004580	0,107514	0,035480	
0,023285	0,000488	0,004391	0,110888	0,036471	
0,023322	0,000464	0,004204	0,110194	0,031645	
0,023360	0,000425	0,004021	0,105477	0,037686	
0,023397	0,000373	0,003841	0,097044	0,033498	
0,023435	0,000314	0,003664	0,085448	0,039572	
0,023473	0,000250	0,003491	0,071470	0,030398	
0,023510	0,000187	0,003321	0,056084	0,030174	
0,023548	0,000128	0,003154	0,040417	0,029919	
0,023585	0,000077	0,002991	0,025706	0,038261	
0,023623	0,000038	0,002831	0,013241	0,034362	
0,023660	0,000012	0,002675	0,004312	0,035288	
0,023698	0,000000	0,002523	0,000158	0,028992	
0,023735	0,000005	0,002375	0,001909	0,033211	
0,023773	0,000024	0,002231	0,010534	0,033882	
0,023810	0,000056	0,002091	0,026800	0,040275	
0,023848	0,000100	0,001956	0,051232	0,038101	
0,023885	0,000154	0,001824	0,084083	0,045933	
0,023923	0,000213	0,001697	0,125314	0,039732	
0,023960	0,000275	0,001574	0,174583	0,042097	
0,023998	0,000337	0,001455	0,231251	0,036535	
0,024035	0,000395	0,001341	0,294392	0,043407	
0,024073	0,000447	0,001231	0,362816	0,042225	
0,024110	0,000491	0,001126	0,435102	0,047659	
0,024148	0,000523	0,001025	0,509644	0,040115	
0,024186	0,000544	0,000929	0,584694	0,041809	
0,024223	0,000553	0,000838	0,658423	0,036887	
0,024261	0,000549	0,000751	0,728978	0,039923	
0,024298	0,000533	0,000669	0,794540	0,037654	
0,024336	0,000506	0,000592	0,853386	0,044494	
0,024373	0,000470	0,000520	0,903946	0,037718	
0,024411	0,000427	0,000452	0,944856	0,038517	
0,024448	0,000380	0,000389	0,975000	0,042001	
0,024486	0,000329	0,000330	0,993552	0,054275	
0,024523	0,000277	0,000277	1,000000	0,046220	
0,024561	0,000227	0,000228	0,994167	0,049960	
0,024598	0,000180	0,000184	0,976214	0,047978	
0,024636	0,000137	0,000145	0,946636	0,056353	
0,024673	0,000100	0,000110	0,906244	0,055074	
0,024711	0,000069	0,000081	0,856139	0,062011	
0,024748	0,000044	0,000056	0,797676	0,061403	
0,024786	0,000026	0,000035	0,732414	0,069970	
0,024823	0,000013	0,000020	0,662071	0,063705	
0,024861	0,000005	0,000008	0,588461	0,075915	
0,024899	0,000001	0,000002	0,513437	0,067732	
0,024936	0,000000	0,000000	0,438832	0,071280	
0,024974	0,000001	0,000003	0,366396	0,070673	
0,025011	0,000003	0,000010	0,297746	0,081093	
0,025049	0,000005	0,000021	0,234311	0,076746	
0,025086	0,000007	0,000037	0,177293	0,080262	
0,025124	0,000007	0,000057	0,127634	0,067636	
0,025161	0,000007	0,000082	0,085986	0,069203	
0,025199	0,000006	0,000111	0,052707	0,069266	
0,025236	0,000004	0,000143	0,027850	0,071376	
0,025274	0,000002	0,000180	0,011177	0,067732	
0,025311	0,000000	0,000221	0,002177	0,069970	
0,025349	0,000000	0,000266	0,000095	0,064408	
0,025386	0,000001	0,000315	0,003970	0,064983	
0,025424	0,000005	0,000368	0,012680	0,055426	
0,025461	0,000011	0,000424	0,024992	0,060221	
0,025499	0,000019	0,000484	0,039616	0,052325	
0,025536	0,000030	0,000548	0,055261	0,049928	
0,025574	0,000044	0,000615	0,070689	0,048298	
0,025612	0,000058	0,000685	0,084764	0,051910	
0,025649	0,000073	0,000759	0,096505	0,043567	
0,025687	0,000088	0,000836	0,105120	0,044334	
0,025724	0,000101	0,000916	0,110043	0,041553	
0,025762	0,000111	0,001000	0,110954	0,049960	
0,025799	0,000117	0,001086	0,107795	0,038613	
0,025837	0,000119	0,001175	0,100770	0,034745	
0,025874	0,000115	0,001266	0,090337	0,028192	
0,025912	0,000105	0,001361	0,077192	0,032188	
0,025949	0,000091	0,001457	0,062235	0,032795	
0,025987	0,000073	0,001557	0,046540	0,040179	
0,026024	0,000052	0,001658	0,031303	0,032028	
0,026062	0,000031	0,001762	0,017800	0,038229	
0,026099	0,000014	0,001868	0,007328	0,031037	
0,026137	0,000002	0,001976	0,001151	0,032827	
0,026174	0,000001	0,002086	0,000447	0,029663	
0,026212	0,000014	0,002198	0,006254	0,043727	
0,026249	0,000045	0,002311	0,019425	0,034649	
0,026287	0,000099	0,002426	0,040582	0,037238	
0,026325	0,000178	0,002542	0,070089	0,032188	
0,026362	0,000288	0,002660	0,108023	0,042129	
0,026400	0,000429	0,002779	0,154164	0,036535	
0,026437	0,000604	0,002899	0,207989	0,032923	
0,026475	0,000813	0,003020	0,268685	0,029663	
0,026512	0,001055	0,003142	0,335161	0,035544	
0,026550	0,001328	0,003264	0,406087	0,035288	
0,026587	0,001628	0,003388	0,479922	0,039732	
0,026625	0,001952	0,003512	0,554972	0,033371	
0,026662	0,002292	0,003636	0,629433	0,039859	
0,026700	0,002642	0,003760	0,701456	0,032635	
0,026737	0,002993	0,003885	0,769201	0,038709	
0,026775	0,003337	0,004010	0,830902	0,029823	
0,026812	0,003665	0,004135	0,884923	0,028544	
0,026850	0,003967	0,004260	0,929812	0,026850	
0,026887	0,004235	0,004384	0,964349	0,036791	
0,026925	0,004460	0,004509	0,987592	0,027617	
0,026962	0,004634	0,004632	0,998900	0,027713	
0,027000	0,004753	0,004756	0,997962	0,000000	