x-axis	Total diffraction	Diffraction pattern	Interference pattern	From Camera	
-0,027000	0,000240	0,001454	0,164441	0,036758	
-0,026962	0,000163	0,001560	0,104065	0,032530	
-0,026925	0,000097	0,001668	0,057898	0,039067	
-0,026887	0,000046	0,001780	0,025923	0,033334	
-0,026850	0,000014	0,001896	0,007240	0,036369	
-0,026812	0,000000	0,002014	0,000199	0,035280	
-0,026775	0,000006	0,002137	0,002579	0,043840	
-0,026737	0,000027	0,002262	0,011794	0,040779	
-0,026700	0,000060	0,002390	0,025118	0,045371	
-0,026662	0,000101	0,002522	0,039912	0,037044	
-0,026625	0,000143	0,002657	0,053818	0,038315	
-0,026587	0,000182	0,002795	0,064930	0,037070	
-0,026550	0,000212	0,002936	0,071913	0,043659	
-0,026512	0,000229	0,003079	0,074063	0,039456	
-0,026475	0,000231	0,003226	0,071318	0,044385	
-0,026437	0,000217	0,003375	0,064203	0,042154	
-0,026400	0,000190	0,003527	0,053732	0,048562	
-0,026362	0,000152	0,003682	0,041269	0,044281	
-0,026325	0,000109	0,003840	0,028359	0,046357	
-0,026287	0,000066	0,003999	0,016556	0,044126	
-0,026249	0,000030	0,004162	0,007254	0,049651	
-0,026212	0,000007	0,004326	0,001536	0,043788	
-0,026174	0,000000	0,004493	0,000063	0,049703	
-0,026137	0,000014	0,004662	0,003004	0,043737	
-0,026099	0,000049	0,004834	0,010021	0,046123	
-0,026062	0,000102	0,005007	0,020302	0,041895	
-0,026024	0,000170	0,005182	0,032643	0,044852	
-0,025987	0,000245	0,005359	0,045580	0,039119	
-0,025949	0,000320	0,005538	0,057542	0,045967	
-0,025912	0,000384	0,005718	0,067024	0,042647	
-0,025874	0,000431	0,005900	0,072764	0,046849	
-0,025837	0,000451	0,006084	0,073897	0,043114	
-0,025799	0,000441	0,006269	0,070085	0,048380	
-0,025762	0,000399	0,006455	0,061605	0,046227	
-0,025724	0,000329	0,006643	0,049374	0,055384	
-0,025687	0,000239	0,006831	0,034931	0,053387	
-0,025649	0,000143	0,007021	0,020349	0,057563	
-0,025612	0,000059	0,007211	0,008101	0,056059	
-0,025574	0,000007	0,007403	0,000882	0,064282	
-0,025536	0,000011	0,007595	0,001396	0,056266	
-0,025499	0,000095	0,007787	0,012131	0,060987	
-0,025461	0,000281	0,007980	0,035140	0,055643	
-0,025424	0,000589	0,008174	0,071839	0,063374	
-0,025386	0,001031	0,008367	0,122842	0,063166	
-0,025349	0,001613	0,008561	0,187852	0,071519	
-0,025311	0,002332	0,008755	0,265613	0,066383	
-0,025274	0,003176	0,008949	0,353928	0,068225	
-0,025236	0,004123	0,009142	0,449749	0,069600	
-0,025199	0,005143	0,009336	0,549329	0,081688	
-0,025161	0,006196	0,009529	0,648433	0,078809	
-0,025124	0,007239	0,009721	0,742587	0,081844	
-0,025086	0,008224	0,009913	0,827351	0,079042	
-0,025049	0,009105	0,010104	0,898598	0,086072	
-0,025011	0,009836	0,010294	0,952777	0,090430	
-0,024974	0,010378	0,010484	0,987144	0,100962	
-0,024936	0,010701	0,010672	0,999941	0,089263	
-0,024899	0,010786	0,010859	0,990508	0,085813	
-0,024861	0,010625	0,011045	0,959331	0,080417	
-0,024823	0,010225	0,011229	0,908008	0,082700	
-0,024786	0,009603	0,011412	0,839142	0,080106	
-0,024748	0,008791	0,011594	0,756175	0,082648	
-0,024711	0,007829	0,011773	0,663163	0,070871	
-0,024673	0,006765	0,011951	0,564516	0,069055	
-0,024636	0,005651	0,012127	0,464723	0,062492	
-0,024598	0,004540	0,012301	0,368071	0,062985	
-0,024561	0,003482	0,012472	0,278397	0,055228	
-0,024523	0,002521	0,012641	0,198867	0,056940	
-0,024486	0,001693	0,012808	0,131815	0,045682	
-0,024448	0,001023	0,012973	0,078643	0,046097	
-0,024411	0,000524	0,013135	0,039793	0,043814	
-0,024373	0,000197	0,013294	0,014782	0,046071	
-0,024336	0,000031	0,013450	0,002307	0,039819	
-0,024298	0,000005	0,013603	0,000399	0,041454	
-0,024261	0,000091	0,013754	0,006621	0,040961	
-0,024223	0,000255	0,013901	0,018286	0,046849	
-0,024186	0,000460	0,014045	0,032683	0,042336	
-0,024148	0,000673	0,014186	0,047293	0,048769	
-0,024110	0,000861	0,014324	0,059971	0,039716	
-0,024073	0,001002	0,014458	0,069092	0,042362	
-0,024035	0,001077	0,014588	0,073640	0,040338	
-0,023998	0,001081	0,014715	0,073243	0,045111	
-0,023960	0,001014	0,014838	0,068151	0,037666	
-0,023923	0,000887	0,014957	0,059156	0,040857	
-0,023885	0,000717	0,015072	0,047472	0,042180	
-0,023848	0,000526	0,015183	0,034578	0,049444	
-0,023810	0,000338	0,015290	0,022048	0,045371	
-0,023773	0,000176	0,015393	0,011374	0,047913	
-0,023735	0,000059	0,015492	0,003807	0,041998	
-0,023698	0,000003	0,015586	0,000224	0,044852	
-0,023660	0,000016	0,015676	0,001038	0,038678	
-0,023623	0,000097	0,015762	0,006157	0,040027	
-0,023585	0,000238	0,015843	0,014988	0,036836	
-0,023548	0,000423	0,015919	0,026505	0,044203	
-0,023510	0,000631	0,015991	0,039350	0,038886	
-0,023473	0,000837	0,016058	0,051981	0,041583	
-0,023435	0,001016	0,016121	0,062840	0,038704	
-0,023397	0,001144	0,016178	0,070525	0,045993	
-0,023360	0,001204	0,016231	0,073960	0,043762	
-0,023322	0,001184	0,016278	0,072539	0,046720	
-0,023285	0,001084	0,016321	0,066235	0,043425	
-0,023247	0,000913	0,016359	0,055656	0,049469	
-0,023210	0,000691	0,016392	0,042048	0,043529	
-0,023172	0,000449	0,016419	0,027243	0,046097	
-0,023135	0,000223	0,016442	0,013541	0,045890	
-0,023097	0,000059	0,016459	0,003557	0,048147	
-0,023060	0,000000	0,016471	0,000019	0,044489	
-0,023022	0,000092	0,016478	0,005549	0,049521	
-0,022985	0,000371	0,016480	0,022438	0,047654	
-0,022947	0,000866	0,016477	0,052431	0,050144	
-0,022910	0,001594	0,016468	0,096547	0,043762	
-0,022872	0,002556	0,016454	0,154936	0,047316	
-0,022835	0,003738	0,016435	0,226804	0,045397	
-0,022797	0,005108	0,016410	0,310399	0,051104	
-0,022760	0,006621	0,016380	0,403064	0,048691	
-0,022722	0,008218	0,016345	0,501362	0,054087	
-0,022685	0,009831	0,016305	0,601262	0,048354	
-0,022647	0,011387	0,016259	0,698370	0,050222	
-0,022609	0,012811	0,016209	0,788189	0,046512	
-0,022572	0,014034	0,016152	0,866409	0,050870	
-0,022534	0,014993	0,016091	0,929167	0,048899	
-0,022497	0,015640	0,016025	0,973307	0,059042	
-0,022459	0,015943	0,015953	0,996579	0,052972	
-0,022422	0,015885	0,015876	0,997787	0,055540	
-0,022384	0,015472	0,015794	0,976869	0,053153	
-0,022347	0,014726	0,015707	0,934899	0,056084	
-0,022309	0,013686	0,015615	0,874020	0,051493	
-0,022272	0,012407	0,015518	0,797299	0,053205	
-0,022234	0,010953	0,015416	0,708531	0,046901	
-0,022197	0,009395	0,015309	0,611994	0,049936	
-0,022159	0,007805	0,015197	0,512176	0,049080	
-0,022122	0,006253	0,015081	0,413497	0,057537	
-0,022084	0,004801	0,014960	0,320041	0,048302	
-0,022047	0,003500	0,014834	0,235318	0,048821	
-0,022009	0,002390	0,014703	0,162076	0,043970	
-0,021972	0,001493	0,014568	0,102172	0,050689	
-0,021934	0,000818	0,014429	0,056503	0,042439	
-0,021896	0,000358	0,014285	0,025018	0,045708	
-0,021859	0,000096	0,014137	0,006787	0,042258	
-0,021821	0,000002	0,013984	0,000134	0,049262	
-0,021784	0,000039	0,013828	0,002818	0,042050	
-0,021746	0,000168	0,013667	0,012241	0,044696	
-0,021709	0,000348	0,013503	0,025673	0,040987	
-0,021671	0,000541	0,013335	0,040479	0,047005	
-0,021634	0,000717	0,013163	0,054314	0,040961	
-0,021596	0,000850	0,012987	0,065290	0,039586	
-0,021559	0,000926	0,012808	0,072093	0,041220	
-0,021521	0,000937	0,012625	0,074045	0,048873	
-0,021484	0,000887	0,012439	0,071109	0,044852	
-0,021446	0,000784	0,012250	0,063833	0,050222	
-0,021409	0,000644	0,012058	0,053248	0,042725	
-0,021371	0,000485	0,011863	0,040731	0,046590	
-0,021334	0,000326	0,011665	0,027832	0,042024	
-0,021296	0,000185	0,011464	0,016104	0,046227	
-0,021259	0,000078	0,011261	0,006931	0,044670	
-0,021221	0,000015	0,011055	0,001382	0,047550	
-0,021183	0,000001	0,010847	0,000099	0,040701	
-0,021146	0,000034	0,010637	0,003230	0,046953	
-0,021108	0,000109	0,010425	0,010413	0,043685	
-0,021071	0,000213	0,010211	0,020816	0,049028	
-0,021033	0,000333	0,009995	0,033221	0,043918	
-0,020996	0,000453	0,009777	0,046153	0,048562	
-0,020958	0,000556	0,009559	0,058038	0,042932	
-0,020921	0,000631	0,009338	0,067378	0,048406	
-0,020883	0,000667	0,009117	0,072922	0,045215	
-0,020846	0,000659	0,008895	0,073829	0,055618	
-0,020808	0,000607	0,008671	0,069787	0,049677	
-0,020771	0,000518	0,008448	0,061101	0,051986	
-0,020733	0,000402	0,008223	0,048722	0,051649	
-0,020696	0,000274	0,007998	0,034216	0,057226	
-0,020658	0,000153	0,007774	0,019682	0,055177	
-0,020621	0,000058	0,007549	0,007611	0,061532	
-0,020583	0,000005	0,007324	0,000706	0,056655	
-0,020546	0,000012	0,007099	0,001667	0,061662	
-0,020508	0,000089	0,006875	0,012970	0,063504	
-0,020470	0,000244	0,006652	0,036643	0,073231	
-0,020433	0,000478	0,006429	0,074066	0,068017	
-0,020395	0,000783	0,006207	0,125811	0,068796	
-0,020358	0,001150	0,005987	0,191532	0,065579	
-0,020320	0,001561	0,005768	0,269922	0,072142	
-0,020283	0,001997	0,005550	0,358736	0,069366	
-0,020245	0,002433	0,005334	0,454883	0,077045	
-0,020208	0,002847	0,005120	0,554580	0,076241	
-0,020170	0,003217	0,004908	0,653570	0,080858	
-0,020133	0,003521	0,004698	0,747369	0,077719	
-0,020095	0,003744	0,004490	0,831540	0,087473	
-0,020058	0,003876	0,004285	0,901979	0,085320	
-0,020020	0,003911	0,004083	0,955167	0,091753	
-0,019983	0,003849	0,003884	0,988409	0,091857	
-0,019945	0,003698	0,003687	1,000000	0,092609	
-0,019908	0,003467	0,003494	0,989344	0,088277	
-0,019870	0,003171	0,003304	0,956989	0,093206	
-0,019833	0,002829	0,003118	0,904593	0,087733	
-0,019795	0,002458	0,002936	0,834815	0,086591	
-0,019757	0,002077	0,002757	0,751141	0,084023	
-0,019720	0,001704	0,002583	0,657657	0,085657	
-0,019682	0,001352	0,002413	0,558792	0,069885	
-0,019645	0,001035	0,002247	0,459032	0,068432	
-0,019607	0,000759	0,002086	0,362653	0,061039	
-0,019570	0,000529	0,001930	0,273459	0,065034	
-0,019532	0,000347	0,001779	0,194576	0,057226	
-0,019495	0,000210	0,001633	0,128288	0,058186	
-0,019457	0,000114	0,001491	0,075942	0,052297	
-0,019420	0,000052	0,001356	0,037924	0,057356	
-0,019382	0,000017	0,001226	0,013698	0,049495	
-0,019345	0,000002	0,001102	0,001915	0,052920	
-0,019307	0,000001	0,000983	0,000571	0,049859	
-0,019270	0,000006	0,000871	0,007203	0,053438	
-0,019232	0,000015	0,000764	0,019116	0,052297	
-0,019195	0,000022	0,000664	0,033601	0,059638	
-0,019157	0,000028	0,000571	0,048154	0,052401	
-0,019120	0,000029	0,000484	0,060657	0,055332	
-0,019082	0,000028	0,000404	0,069518	0,053179	
-0,019044	0,000024	0,000331	0,073761	0,061299	
-0,019007	0,000019	0,000264	0,073054	0,057148	
-0,018969	0,000014	0,000205	0,067684	0,061766	
-0,018932	0,000009	0,000153	0,058475	0,053438	
-0,018894	0,000005	0,000109	0,046664	0,056214	
-0,018857	0,000002	0,000071	0,033742	0,050948	
-0,018819	0,000001	0,000042	0,021285	0,055592	
-0,018782	0,000000	0,000020	0,010775	0,052764	
-0,018744	0,000000	0,000006	0,003443	0,055877	
-0,018707	0,000000	0,000000	0,000140	0,053957	
-0,018669	0,000000	0,000002	0,001248	0,057978	
-0,018632	0,000000	0,000012	0,006638	0,051233	
-0,018594	0,000000	0,000031	0,015687	0,054295	
-0,018557	0,000002	0,000057	0,027341	0,053179	
-0,018519	0,000004	0,000092	0,040225	0,058938	
-0,018482	0,000007	0,000136	0,052790	0,053828	
-0,018444	0,000012	0,000188	0,063478	0,059898	
-0,018407	0,000018	0,000249	0,070905	0,055177	
-0,018369	0,000024	0,000318	0,074021	0,065864	
-0,018331	0,000029	0,000396	0,072258	0,065553	
-0,018294	0,000032	0,000483	0,065629	0,070560	
-0,018256	0,000032	0,000579	0,054788	0,068796	
-0,018219	0,000028	0,000683	0,041027	0,073828	
-0,018181	0,000021	0,000797	0,026215	0,071286	
-0,018144	0,000012	0,000919	0,012682	0,076837	
-0,018106	0,000003	0,001051	0,003062	0,067524	
-0,018069	0,000000	0,001191	0,000083	0,069626	
-0,018031	0,000009	0,001341	0,006355	0,070508	
-0,017994	0,000036	0,001500	0,024138	0,077641	
-0,017956	0,000092	0,001667	0,055133	0,069963	
-0,017919	0,000186	0,001844	0,100301	0,071130	
-0,017881	0,000325	0,002030	0,159725	0,070430	
-0,017844	0,000519	0,002225	0,232541	0,081870	
-0,017806	0,000772	0,002430	0,316927	0,078082	
-0,017769	0,001087	0,002643	0,410159	0,084230	
-0,017731	0,001462	0,002865	0,508750	0,081092	
-0,017694	0,001890	0,003096	0,608627	0,090482	
-0,017656	0,002360	0,003337	0,705376	0,090845	
-0,017618	0,002857	0,003586	0,794501	0,096864	
-0,017581	0,003360	0,003844	0,871710	0,090119	
-0,017543	0,003847	0,004111	0,933184	0,097019	
-0,017506	0,004293	0,004387	0,975824	0,096734	
-0,017468	0,004673	0,004671	0,997455	0,106799	
-0,017431	0,004964	0,004965	0,996963	0,103297	
-0,017393	0,005146	0,005267	0,974374	0,107344	
-0,017356	0,005206	0,005577	0,930849	0,100288	
-0,017318	0,005136	0,005896	0,868608	0,103090	
-0,017281	0,004935	0,006223	0,790787	0,101196	
-0,017243	0,004612	0,006559	0,701231	0,106358	
-0,017206	0,004183	0,006903	0,604246	0,102804	
-0,017168	0,003669	0,007255	0,504331	0,100184	
-0,017131	0,003099	0,007615	0,405892	0,088692	
-0,017093	0,002505	0,007982	0,312979	0,090327	
-0,017056	0,001920	0,008358	0,229052	0,085190	
-0,017018	0,001374	0,008741	0,156794	0,082415	
-0,016981	0,000897	0,009132	0,097989	0,068432	
-0,016943	0,000511	0,009529	0,053458	0,068199	
-0,016905	0,000230	0,009935	0,023075	0,059483	
-0,016868	0,000061	0,010347	0,005845	0,059535	
-0,016830	0,000000	0,010766	0,000037	0,056551	
-0,016793	0,000038	0,011192	0,003370	0,064541	
-0,016755	0,000154	0,011624	0,013225	0,053361	
-0,016718	0,000325	0,012063	0,026871	0,049444	
-0,016680	0,000523	0,012508	0,041684	0,045449	
-0,016643	0,000719	0,012960	0,055351	0,054320	
-0,016605	0,000888	0,013417	0,066026	0,052582	
-0,016568	0,001008	0,013879	0,072445	0,058445	
-0,016530	0,001064	0,014348	0,073983	0,050092	
-0,016493	0,001050	0,014821	0,070655	0,053075	
-0,016455	0,000967	0,015300	0,063053	0,047731	
-0,016418	0,000827	0,015784	0,052246	0,053231	
-0,016380	0,000647	0,016272	0,039631	0,047550	
-0,016343	0,000450	0,016765	0,026769	0,052582	
-0,016305	0,000263	0,017262	0,015205	0,048951	
-0,016268	0,000112	0,017763	0,006302	0,051441	
-0,016230	0,000020	0,018268	0,001099	0,049755	
-0,016192	0,000004	0,018776	0,000197	0,058730	
-0,016155	0,000072	0,019288	0,003699	0,051000	
-0,016117	0,000222	0,019803	0,011202	0,056240	
-0,016080	0,000445	0,020320	0,021835	0,054658	
-0,016042	0,000718	0,020840	0,034350	0,062310	
-0,016005	0,001012	0,021363	0,047257	0,052090	
-0,015967	0,001295	0,021888	0,058980	0,052479	
-0,015930	0,001529	0,022414	0,068034	0,050377	
-0,015892	0,001684	0,022942	0,073198	0,051597	
-0,015855	0,001734	0,023471	0,073671	0,053257	
-0,015817	0,001665	0,024002	0,069194	0,062051	
-0,015780	0,001479	0,024533	0,060129	0,059094	
-0,015742	0,001193	0,025065	0,047484	0,066824	
-0,015705	0,000844	0,025596	0,032879	0,065968	
-0,015667	0,000484	0,026128	0,018456	0,070015	
-0,015630	0,000180	0,026659	0,006735	0,070404	
-0,015592	0,000012	0,027190	0,000430	0,076215	
-0,015555	0,000062	0,027720	0,002232	0,069600	
-0,015517	0,000413	0,028249	0,014589	0,074970	
-0,015479	0,001139	0,028776	0,039477	0,070560	
-0,015442	0,002298	0,029301	0,078210	0,074139	
-0,015404	0,003926	0,029824	0,131280	0,073465	
-0,015367	0,006033	0,030345	0,198255	0,077512	
-0,015329	0,008596	0,030864	0,277737	0,074321	
-0,015292	0,011561	0,031379	0,367396	0,081325	
-0,015254	0,014841	0,031891	0,464066	0,079328	
-0,015217	0,018321	0,032399	0,563910	0,088770	
-0,015179	0,021864	0,032904	0,662633	0,089912	
-0,015142	0,025316	0,033404	0,755739	0,096060	
-0,015104	0,028516	0,033901	0,838811	0,092402	
-0,015067	0,031308	0,034392	0,907781	0,103453	
-0,015029	0,033549	0,034878	0,959201	0,106618	
-0,014992	0,035120	0,035359	0,990456	0,116735	
-0,014954	0,035933	0,035835	0,999944	0,117954	
-0,014917	0,035939	0,036304	0,987176	0,124854	
-0,014879	0,035130	0,036767	0,952809	0,114789	
-0,014842	0,033543	0,037224	0,898604	0,115904	
-0,014804	0,031255	0,037674	0,827310	0,110976	
-0,014767	0,028380	0,038117	0,742484	0,118706	
-0,014729	0,025062	0,038553	0,648260	0,109160	
-0,014691	0,021464	0,038981	0,549087	0,109549	
-0,014654	0,017758	0,039401	0,449448	0,097875	
-0,014616	0,014117	0,039813	0,353586	0,097149	
-0,014579	0,010697	0,040216	0,265251	0,086124	
-0,014541	0,007636	0,040610	0,187494	0,075333	
-0,014504	0,005037	0,040996	0,122513	0,065397	
-0,014466	0,002969	0,041372	0,071562	0,076344	
-0,014429	0,001462	0,041739	0,034933	0,064437	
-0,014391	0,000507	0,042096	0,012004	0,064878	
-0,014354	0,000058	0,042443	0,001353	0,058523	
-0,014316	0,000039	0,042779	0,000917	0,062207	
-0,014279	0,000354	0,043105	0,008200	0,056733	
-0,014241	0,000892	0,043420	0,020493	0,060780	
-0,014204	0,001539	0,043724	0,035096	0,055592	
-0,014166	0,002186	0,044017	0,049535	0,060079	
-0,014129	0,002742	0,044298	0,061736	0,061506	
-0,014091	0,003136	0,044568	0,070167	0,070534	
-0,014054	0,003322	0,044825	0,073915	0,064256	
-0,014016	0,003286	0,045070	0,072712	0,065760	
-0,013978	0,003039	0,045303	0,066904	0,063867	
-0,013941	0,002619	0,045523	0,057365	0,071442	
-0,013903	0,002080	0,045730	0,045366	0,071934	
-0,013866	0,001493	0,045925	0,032417	0,078108	
-0,013828	0,000929	0,046106	0,020091	0,068925	
-0,013791	0,000457	0,046274	0,009854	0,069652	
-0,013753	0,000135	0,046428	0,002905	0,063530	
-0,013716	0,000002	0,046568	0,000048	0,064022	
-0,013678	0,000076	0,046695	0,001615	0,058549	
-0,013641	0,000348	0,046807	0,007424	0,065294	
-0,013603	0,000790	0,046906	0,016802	0,066201	
-0,013566	0,001350	0,046990	0,028656	0,075099	
-0,013528	0,001962	0,047059	0,041584	0,071831	
-0,013491	0,002553	0,047114	0,054026	0,074347	
-0,013453	0,003047	0,047155	0,064435	0,070144	
-0,013416	0,003381	0,047180	0,071452	0,078523	
-0,013378	0,003505	0,047191	0,074070	0,081792	
-0,013341	0,003396	0,047186	0,071780	0,087499	
-0,013303	0,003058	0,047167	0,064660	0,087577	
-0,013265	0,002526	0,047132	0,053434	0,094918	
-0,013228	0,001863	0,047083	0,039459	0,093647	
-0,013190	0,001163	0,047017	0,024662	0,106955	
-0,013153	0,000537	0,046937	0,011416	0,098394	
-0,013115	0,000112	0,046841	0,002375	0,097383	
-0,013078	0,000013	0,046730	0,000270	0,103505	
-0,013040	0,000359	0,046604	0,007684	0,108563	
-0,013003	0,001250	0,046462	0,026828	0,098654	
-0,012965	0,002755	0,046305	0,059334	0,102156	
-0,012928	0,004907	0,046132	0,106071	0,097668	
-0,012890	0,007695	0,045944	0,167024	0,107681	
-0,012853	0,011065	0,045741	0,241224	0,112273	
-0,012815	0,014916	0,045522	0,326742	0,123920	
-0,012778	0,019109	0,045288	0,420765	0,122260	
-0,012740	0,023473	0,045039	0,519726	0,125944	
-0,012703	0,027816	0,044775	0,619503	0,127500	
-0,012665	0,031933	0,044496	0,715653	0,138084	
-0,012628	0,035624	0,044202	0,803688	0,137487	
-0,012590	0,038705	0,043893	0,879351	0,145010	
-0,012552	0,041021	0,043569	0,938889	0,141664	
-0,012515	0,042454	0,043231	0,979296	0,149809	
-0,012477	0,042934	0,042878	0,998504	0,152767	
-0,012440	0,042439	0,042511	0,995526	0,160212	
-0,012402	0,041002	0,042130	0,970515	0,151573	
-0,012365	0,038703	0,041735	0,924756	0,155179	
-0,012327	0,035664	0,041326	0,860583	0,147163	
-0,012290	0,032045	0,040904	0,781223	0,146022	
-0,012252	0,028025	0,040468	0,690589	0,140574	
-0,012215	0,023799	0,040019	0,593026	0,138992	
-0,012177	0,019558	0,039558	0,493039	0,131054	
-0,012140	0,015481	0,039083	0,395010	0,136502	
-0,012102	0,011725	0,038596	0,302935	0,123687	
-0,012065	0,008412	0,038097	0,220197	0,116890	
-0,012027	0,005630	0,037586	0,149385	0,105658	
-0,011990	0,003426	0,037063	0,092173	0,106047	
-0,011952	0,001805	0,036529	0,049274	0,095800	
-0,011915	0,000738	0,035984	0,020458	0,091779	
-0,011877	0,000165	0,035428	0,004636	0,082285	
-0,011839	0,000000	0,034862	0,000003	0,086280	
-0,011802	0,000145	0,034286	0,004226	0,074269	
-0,011764	0,000495	0,033700	0,014660	0,071416	
-0,011727	0,000949	0,033105	0,028574	0,064723	
-0,011689	0,001413	0,032501	0,043368	0,069003	
-0,011652	0,001816	0,031888	0,056775	0,066072	
-0,011614	0,002101	0,031268	0,067010	0,071986	
-0,011577	0,002239	0,030639	0,072881	0,069444	
-0,011539	0,002222	0,030003	0,073839	0,073880	
-0,011502	0,002060	0,029361	0,069969	0,068744	
-0,011464	0,001783	0,028711	0,061927	0,075307	
-0,011427	0,001430	0,028056	0,050828	0,075670	
-0,011389	0,001047	0,027396	0,038099	0,079976	
-0,011352	0,000678	0,026730	0,025309	0,074529	
-0,011314	0,000366	0,026060	0,013991	0,078497	
-0,011277	0,000139	0,025385	0,005478	0,071001	
-0,011239	0,000019	0,024707	0,000761	0,074139	
-0,011202	0,000009	0,024026	0,000386	0,070534	
-0,011164	0,000103	0,023343	0,004395	0,077019	
-0,011126	0,000280	0,022657	0,012326	0,068977	
-0,011089	0,000512	0,021970	0,023257	0,071727	
-0,011051	0,000766	0,021283	0,035904	0,065449	
-0,011014	0,001007	0,020594	0,048754	0,068225	
-0,010976	0,001202	0,019907	0,060234	0,063166	
-0,010939	0,001328	0,019220	0,068880	0,070326	
-0,010901	0,001366	0,018534	0,073514	0,069678	
-0,010864	0,001314	0,017850	0,073392	0,078731	
-0,010826	0,001176	0,017169	0,068328	0,074451	
-0,010789	0,000972	0,016492	0,058762	0,082622	
-0,010751	0,000726	0,015818	0,045780	0,083271	
-0,010714	0,000472	0,015149	0,031071	0,089782	
-0,010676	0,000245	0,014485	0,016833	0,085579	
-0,010639	0,000078	0,013827	0,005622	0,095126	
-0,010601	0,000002	0,013175	0,000163	0,098887	
-0,010564	0,000039	0,012530	0,003131	0,104464	
-0,010526	0,000202	0,011894	0,016928	0,103141	
-0,010489	0,000491	0,011266	0,043462	0,116242	
-0,010451	0,000896	0,010647	0,083954	0,113129	
-0,010413	0,001397	0,010038	0,138786	0,120781	
-0,010376	0,001963	0,009439	0,207409	0,117201	
-0,010338	0,002559	0,008852	0,288305	0,128849	
-0,010301	0,003146	0,008277	0,379034	0,131599	
-0,010263	0,003685	0,007715	0,476335	0,140367	
-0,010226	0,004141	0,007166	0,576299	0,141093	
-0,010188	0,004486	0,006632	0,674589	0,156787	
-0,010151	0,004699	0,006112	0,766702	0,151885	
-0,010113	0,004770	0,005608	0,848246	0,159356	
-0,010076	0,004700	0,005121	0,915215	0,159615	
-0,010038	0,004497	0,004650	0,964250	0,169499	
-0,010001	0,004180	0,004198	0,992855	0,169550	
-0,009963	0,003774	0,003765	0,999561	0,175932	
-0,009926	0,003306	0,003351	0,984022	0,170873	
-0,009888	0,002808	0,002957	0,947039	0,175906	
-0,009851	0,002307	0,002584	0,890505	0,173857	
-0,009813	0,001830	0,002233	0,817283	0,178760	
-0,009776	0,001396	0,001904	0,731018	0,167631	
-0,009738	0,001020	0,001599	0,635902	0,160030	
-0,009700	0,000709	0,001318	0,536407	0,144491	
-0,009663	0,000465	0,001062	0,437001	0,137928	
-0,009625	0,000285	0,000832	0,341881	0,122234	
-0,009588	0,000160	0,000628	0,254722	0,118499	
-0,009550	0,000081	0,000451	0,178474	0,109445	
-0,009513	0,000035	0,000302	0,115220	0,112558	
-0,009475	0,000012	0,000182	0,066092	0,097383	
-0,009438	0,000003	0,000092	0,031260	0,091572	
-0,009400	0,000000	0,000032	0,009993	0,079795	
-0,009363	0,000000	0,000003	0,000775	0,087188	
-0,009325	0,000000	0,000006	0,001476	0,081896	
-0,009288	0,000000	0,000041	0,009558	0,089626	
-0,009250	0,000002	0,000110	0,022299	0,085813	
-0,009213	0,000008	0,000214	0,037016	0,090716	
-0,009175	0,000018	0,000352	0,051274	0,087629	
-0,009138	0,000033	0,000526	0,063064	0,097720	
-0,009100	0,000052	0,000737	0,070928	0,100859	
-0,009063	0,000073	0,000985	0,074036	0,107344	
-0,009025	0,000092	0,001271	0,072204	0,104231	
-0,008987	0,000105	0,001596	0,065851	0,113959	
-0,008950	0,000110	0,001960	0,055912	0,110638	
-0,008912	0,000104	0,002365	0,043698	0,114218	
-0,008875	0,000087	0,002810	0,030739	0,111961	
-0,008837	0,000062	0,003298	0,018605	0,114037	
-0,008800	0,000034	0,003828	0,008736	0,105917	
-0,008762	0,000010	0,004401	0,002285	0,113388	
-0,008725	0,000000	0,005018	0,000001	0,110457	
-0,008687	0,000012	0,005679	0,002146	0,111235	
-0,008650	0,000054	0,006386	0,008473	0,109523	
-0,008612	0,000131	0,007139	0,018250	0,121326	
-0,008575	0,000241	0,007939	0,030333	0,118602	
-0,008537	0,000381	0,008786	0,043290	0,120185	
-0,008500	0,000539	0,009681	0,055551	0,117020	
-0,008462	0,000699	0,010624	0,065585	0,131573	
-0,008425	0,000840	0,011617	0,072068	0,135230	
-0,008387	0,000940	0,012660	0,074053	0,145244	
-0,008350	0,000981	0,013754	0,071102	0,150458	
-0,008312	0,000947	0,014898	0,063380	0,162572	
-0,008274	0,000834	0,016095	0,051694	0,157384	
-0,008237	0,000652	0,017344	0,037485	0,164181	
-0,008199	0,000425	0,018646	0,022747	0,162546	
-0,008162	0,000199	0,020001	0,009904	0,172248	
-0,008124	0,000035	0,021411	0,001632	0,176165	
-0,008087	0,000015	0,022875	0,000658	0,187216	
-0,008049	0,000233	0,024395	0,009529	0,190044	
-0,008012	0,000791	0,025970	0,030391	0,192353	
-0,007974	0,001793	0,027601	0,064782	0,188384	
-0,007937	0,003333	0,029289	0,113462	0,209785	
-0,007899	0,005486	0,031035	0,176288	0,212016	
-0,007862	0,008304	0,032838	0,252160	0,226439	
-0,007824	0,011797	0,034699	0,339023	0,222678	
-0,007787	0,015935	0,036619	0,433951	0,235467	
-0,007749	0,020642	0,038598	0,533290	0,239306	
-0,007712	0,025789	0,040636	0,632854	0,255052	
-0,007674	0,031205	0,042735	0,728179	0,258243	
-0,007637	0,036681	0,044893	0,814788	0,272899	
-0,007599	0,041975	0,047112	0,888475	0,274222	
-0,007562	0,046834	0,049392	0,945575	0,279540	
-0,007524	0,051006	0,051733	0,983197	0,274534	
-0,007486	0,054255	0,054136	0,999414	0,284547	
-0,007449	0,056383	0,056600	0,993390	0,280552	
-0,007411	0,057243	0,059127	0,965437	0,291629	
-0,007374	0,056752	0,061716	0,916991	0,279514	
-0,007336	0,054899	0,064368	0,850518	0,285870	
-0,007299	0,051755	0,067083	0,769355	0,268282	
-0,007261	0,047462	0,069861	0,677491	0,271109	
-0,007224	0,042235	0,072702	0,579314	0,253599	
-0,007186	0,036342	0,075607	0,479328	0,242652	
-0,007149	0,030090	0,078575	0,381879	0,215648	
-0,007111	0,023805	0,081607	0,290894	0,217982	
-0,007074	0,017808	0,084703	0,209657	0,209811	
-0,007036	0,012391	0,087863	0,140636	0,200602	
-0,006999	0,007798	0,091087	0,085376	0,178863	
-0,006961	0,004207	0,094375	0,044456	0,169914	
-0,006924	0,001717	0,097728	0,017521	0,150328	
-0,006886	0,000342	0,101144	0,003372	0,141586	
-0,006849	0,000012	0,104625	0,000118	0,118135	
-0,006811	0,000582	0,108170	0,005368	0,117201	
-0,006773	0,001844	0,111779	0,016451	0,104672	
-0,006736	0,003547	0,115452	0,030640	0,103998	
-0,006698	0,005423	0,119190	0,045369	0,100833	
-0,006661	0,007206	0,122991	0,058430	0,107422	
-0,006623	0,008665	0,126856	0,068113	0,100080	
-0,006586	0,009615	0,130784	0,073316	0,101144	
-0,006548	0,009944	0,134776	0,073578	0,094711	
-0,006511	0,009616	0,138832	0,069071	0,097434	
-0,006473	0,008676	0,142950	0,060523	0,097720	
-0,006436	0,007245	0,147132	0,049103	0,110275	
-0,006398	0,005505	0,151376	0,036267	0,108252	
-0,006361	0,003683	0,155682	0,023593	0,105580	
-0,006323	0,002021	0,160050	0,012594	0,098472	
-0,006286	0,000753	0,164481	0,004565	0,102571	
-0,006248	0,000074	0,168972	0,000438	0,100210	
-0,006211	0,000120	0,173525	0,000692	0,102960	
-0,006173	0,000946	0,178138	0,005296	0,097746	
-0,006136	0,002515	0,182812	0,013718	0,103297	
-0,006098	0,004698	0,187546	0,024979	0,102156	
-0,006060	0,007281	0,192339	0,037751	0,109601	
-0,006023	0,009987	0,197191	0,050504	0,103894	
-0,005985	0,012498	0,202101	0,061667	0,108044	
-0,005948	0,014495	0,207070	0,069807	0,103349	
-0,005910	0,015696	0,212096	0,073798	0,116345	
-0,005873	0,015892	0,217179	0,072969	0,119329	
-0,005835	0,014986	0,222318	0,067221	0,131780	
-0,005798	0,013024	0,227514	0,057085	0,135490	
-0,005760	0,010209	0,232764	0,043737	0,148071	
-0,005723	0,006911	0,238069	0,028949	0,155594	
-0,005685	0,003657	0,243428	0,014980	0,168227	
-0,005648	0,001104	0,248840	0,004423	0,171185	
-0,005610	0,000003	0,254304	0,000011	0,186101	
-0,005573	0,001145	0,259821	0,004395	0,194376	
-0,005535	0,005301	0,265388	0,019919	0,211082	
-0,005498	0,013155	0,271006	0,048405	0,212587	
-0,005460	0,025237	0,276674	0,090962	0,219591	
-0,005423	0,041866	0,282390	0,147842	0,220628	
-0,005385	0,063096	0,288154	0,218357	0,237905	
-0,005347	0,088687	0,293965	0,300852	0,238709	
-0,005310	0,118087	0,299823	0,392759	0,253158	
-0,005272	0,150442	0,305725	0,490710	0,259021	
-0,005235	0,184626	0,311673	0,590719	0,274352	
-0,005197	0,219293	0,317664	0,688406	0,275934	
-0,005160	0,252952	0,323698	0,779266	0,290851	
-0,005122	0,284048	0,329773	0,858943	0,287478	
-0,005085	0,311064	0,335889	0,923509	0,304677	
-0,005047	0,332614	0,342045	0,969716	0,305974	
-0,005010	0,347540	0,348240	0,995210	0,317674	
-0,004972	0,354993	0,354472	0,998677	0,316895	
-0,004935	0,354493	0,360741	0,979941	0,318971	
-0,004897	0,345975	0,367046	0,939965	0,310177	
-0,004860	0,329795	0,373385	0,880794	0,320216	
-0,004822	0,306720	0,379758	0,805420	0,312615	
-0,004785	0,277879	0,386163	0,717583	0,324314	
-0,004747	0,244697	0,392599	0,621536	0,310229	
-0,004710	0,208802	0,399066	0,521767	0,305170	
-0,004672	0,171920	0,405561	0,422726	0,283769	
-0,004634	0,135767	0,412084	0,328546	0,285247	
-0,004597	0,101933	0,418634	0,242810	0,270798	
-0,004559	0,071784	0,425209	0,168351	0,262393	
-0,004522	0,046382	0,431809	0,107114	0,229111	
-0,004484	0,026419	0,438431	0,060091	0,219331	
-0,004447	0,012191	0,445075	0,027314	0,202755	
-0,004409	0,003591	0,451740	0,007927	0,197696	
-0,004372	0,000144	0,458423	0,000313	0,178033	
-0,004334	0,001057	0,465125	0,002267	0,189577	
-0,004297	0,005304	0,471843	0,011209	0,194065	
-0,004259	0,011713	0,478577	0,024407	0,213650	
-0,004222	0,019079	0,485325	0,039202	0,223196	
-0,004184	0,026258	0,492085	0,053212	0,236712	
-0,004147	0,032267	0,498856	0,064501	0,245013	
-0,004109	0,036355	0,505638	0,071699	0,274041	
-0,004072	0,038063	0,512428	0,074073	0,284729	
-0,004034	0,037245	0,519226	0,071531	0,299229	
-0,003997	0,034064	0,526029	0,064577	0,303198	
-0,003959	0,028966	0,532837	0,054210	0,303276	
-0,003921	0,022612	0,539647	0,041785	0,293808	
-0,003884	0,015809	0,546460	0,028849	0,311629	
-0,003846	0,009412	0,553273	0,016965	0,317466	
-0,003809	0,004234	0,560084	0,007538	0,325326	
-0,003771	0,000949	0,566893	0,001670	0,320346	
-0,003734	0,000023	0,573698	0,000040	0,335365	
-0,003696	0,001651	0,580498	0,002836	0,333576	
-0,003659	0,005733	0,587291	0,009735	0,347091	
-0,003621	0,011877	0,594075	0,019937	0,346312	
-0,003584	0,019430	0,600850	0,032248	0,373732	
-0,003546	0,027543	0,607613	0,045203	0,371812	
-0,003509	0,035257	0,614363	0,057227	0,391035	
-0,003471	0,041610	0,621100	0,066808	0,401411	
-0,003434	0,045750	0,627820	0,072668	0,430206	
-0,003396	0,047041	0,634524	0,073929	0,430050	
-0,003359	0,045163	0,641209	0,070238	0,472412	
-0,003321	0,040185	0,647873	0,061853	0,484682	
-0,003284	0,032609	0,654517	0,049682	0,510156	
-0,003246	0,023372	0,661137	0,035253	0,509196	
-0,003208	0,013818	0,667732	0,020635	0,539080	
-0,003171	0,005614	0,674302	0,008303	0,545513	
-0,003133	0,000652	0,680844	0,000955	0,559340	
-0,003096	0,000899	0,687357	0,001305	0,561571	
-0,003058	0,008249	0,693840	0,011855	0,585566	
-0,003021	0,024350	0,700291	0,034674	0,599419	
-0,002983	0,050453	0,706708	0,071192	0,642663	
-0,002946	0,087268	0,713091	0,122039	0,639472	
-0,002908	0,134861	0,719437	0,186931	0,661859	
-0,002871	0,192584	0,725746	0,264620	0,686295	
-0,002833	0,259061	0,732015	0,352915	0,722120	
-0,002796	0,332225	0,738244	0,448766	0,759034	
-0,002758	0,409406	0,744430	0,548425	0,805416	
-0,002721	0,487465	0,750573	0,647646	0,840074	
-0,002683	0,562978	0,756671	0,741944	0,849309	
-0,002646	0,632432	0,762723	0,826865	0,844899	
-0,002608	0,692452	0,768727	0,898267	0,848634	
-0,002571	0,740013	0,774681	0,952585	0,837558	
-0,002533	0,772642	0,780585	0,987064	0,843342	
-0,002495	0,788585	0,786437	0,999936	0,826792	
-0,002458	0,786933	0,792235	0,990538	0,814833	
-0,002420	0,767684	0,797978	0,959354	0,802641	
-0,002383	0,731756	0,803666	0,907984	0,792290	
-0,002345	0,680931	0,809295	0,839041	0,779008	
-0,002308	0,617742	0,814866	0,755976	0,761680	
-0,002270	0,545313	0,820377	0,662857	0,704921	
-0,002233	0,467158	0,825826	0,564108	0,673403	
-0,002195	0,386951	0,831212	0,464228	0,625516	
-0,002158	0,308300	0,836534	0,367517	0,605801	
-0,002120	0,234518	0,841791	0,277817	0,554593	
-0,002083	0,168424	0,846981	0,198298	0,528522	
-0,002045	0,112189	0,852103	0,131295	0,471997	
-0,002008	0,067221	0,857156	0,078205	0,442242	
-0,001970	0,034117	0,862138	0,039462	0,407456	
-0,001933	0,012671	0,867048	0,014573	0,393032	
-0,001895	0,001945	0,871886	0,002224	0,383849	
-0,001858	0,000381	0,876650	0,000434	0,399984	
-0,001820	0,005969	0,881338	0,006753	0,405821	
-0,001782	0,016424	0,885951	0,018487	0,428416	
-0,001745	0,029395	0,890485	0,032919	0,437106	
-0,001707	0,042652	0,894941	0,047526	0,480557	
-0,001670	0,054260	0,899318	0,060166	0,487509	
-0,001632	0,062723	0,903613	0,069220	0,510156	
-0,001595	0,067075	0,907827	0,073679	0,500480	
-0,001557	0,066928	0,911958	0,073185	0,517756	
-0,001520	0,062460	0,916005	0,067998	0,501310	
-0,001482	0,054359	0,919967	0,058923	0,502555	
-0,001445	0,043714	0,923843	0,047185	0,494358	
-0,001407	0,031880	0,927632	0,034271	0,494747	
-0,001370	0,020321	0,931333	0,021758	0,473709	
-0,001332	0,010443	0,934946	0,011139	0,456380	
-0,001295	0,003443	0,938469	0,003659	0,458196	
-0,001257	0,000177	0,941901	0,000187	0,458404	
-0,001220	0,001066	0,945242	0,001125	0,441049	
-0,001182	0,006053	0,948491	0,006363	0,450128	
-0,001145	0,014598	0,951647	0,015297	0,453630	
-0,001107	0,025738	0,954709	0,026884	0,484811	
-0,001069	0,038181	0,957677	0,039757	0,503489	
-0,001032	0,050441	0,960549	0,052366	0,544139	
-0,000994	0,061006	0,963325	0,063152	0,565280	
-0,000957	0,068503	0,966004	0,070716	0,600508	
-0,000919	0,071870	0,968586	0,073994	0,608810	
-0,000882	0,070499	0,971069	0,072397	0,638953	
-0,000844	0,064350	0,973454	0,065920	0,674129	
-0,000807	0,054007	0,975740	0,055195	0,720875	
-0,000769	0,040692	0,977926	0,041495	0,716075	
-0,000732	0,026214	0,980011	0,026675	0,740486	
-0,000694	0,012858	0,981996	0,013057	0,761343	
-0,000657	0,003227	0,983879	0,003270	0,783289	
-0,000619	0,000050	0,985660	0,000050	0,790760	
-0,000582	0,005956	0,987338	0,006015	0,804119	
-0,000544	0,023248	0,988914	0,023443	0,820411	
-0,000507	0,053687	0,990386	0,054057	0,844354	
-0,000469	0,098299	0,991755	0,098840	0,864536	
-0,000432	0,157241	0,993020	0,157905	0,887312	
-0,000394	0,229711	0,994181	0,230411	0,909673	
-0,000356	0,313935	0,995237	0,314558	0,906898	
-0,000319	0,407226	0,996188	0,407645	0,922462	
-0,000281	0,506103	0,997034	0,506193	0,930063	
-0,000244	0,606481	0,997775	0,606139	0,961270	
-0,000206	0,703911	0,998410	0,703066	0,980959	
-0,000169	0,793845	0,998940	0,792472	0,995097	
-0,000131	0,871927	0,999364	0,870049	0,985032	
-0,000094	0,934268	0,999682	0,931960	0,992088	
-0,000056	0,977704	0,999894	0,975081	1,000000	
-0,000019	1,000000	1,000000	0,997212	0,996161	
0,000019	1,000000	1,000000	0,997212	0,992114	
0,000056	0,977704	0,999894	0,975081	0,970791	
0,000094	0,934268	0,999682	0,931960	0,950167	
0,000131	0,871927	0,999364	0,870049	0,935070	
0,000169	0,793845	0,998940	0,792472	0,916548	
0,000206	0,703911	0,998410	0,703066	0,914083	
0,000244	0,606481	0,997775	0,606139	0,896703	
0,000281	0,506103	0,997034	0,506193	0,834055	
0,000319	0,407226	0,996188	0,407645	0,759345	
0,000356	0,313935	0,995237	0,314558	0,701341	
0,000394	0,229711	0,994181	0,230411	0,661444	
0,000432	0,157241	0,993020	0,157905	0,600275	
0,000469	0,098299	0,991755	0,098840	0,572025	
0,000507	0,053687	0,990386	0,054057	0,518587	
0,000544	0,023248	0,988914	0,023443	0,483774	
0,000582	0,005956	0,987338	0,006015	0,461309	
0,000619	0,000050	0,985660	0,000050	0,472593	
0,000657	0,003227	0,983879	0,003270	0,474798	
0,000694	0,012858	0,981996	0,013057	0,492724	
0,000732	0,026214	0,980011	0,026675	0,488054	
0,000769	0,040692	0,977926	0,041495	0,509533	
0,000807	0,054007	0,975740	0,055195	0,499909	
0,000844	0,064350	0,973454	0,065920	0,502840	
0,000882	0,070499	0,971069	0,072397	0,497730	
0,000919	0,071870	0,968586	0,073994	0,515889	
0,000957	0,068503	0,966004	0,070716	0,509222	
0,000994	0,061006	0,963325	0,063152	0,503022	
0,001032	0,050441	0,960549	0,052366	0,482684	
0,001069	0,038181	0,957677	0,039757	0,463202	
0,001107	0,025738	0,954709	0,026884	0,438948	
0,001145	0,014598	0,951647	0,015297	0,433889	
0,001182	0,006053	0,948491	0,006363	0,417054	
0,001220	0,001066	0,945242	0,001125	0,408363	
0,001257	0,000177	0,941901	0,000187	0,397261	
0,001295	0,003443	0,938469	0,003659	0,408234	
0,001332	0,010443	0,934946	0,011139	0,411788	
0,001370	0,020321	0,931333	0,021758	0,426859	
0,001407	0,031880	0,927632	0,034271	0,434979	
0,001445	0,043714	0,923843	0,047185	0,460868	
0,001482	0,054359	0,919967	0,058923	0,496952	
0,001520	0,062460	0,916005	0,067998	0,528470	
0,001557	0,066928	0,911958	0,073185	0,523023	
0,001595	0,067075	0,907827	0,073679	0,548289	
0,001632	0,062723	0,903613	0,069220	0,581001	
0,001670	0,054260	0,899318	0,060166	0,612337	
0,001707	0,042652	0,894941	0,047526	0,608809	
0,001745	0,029395	0,890485	0,032919	0,636126	
0,001782	0,016424	0,885951	0,018487	0,639783	
0,001820	0,005969	0,881338	0,006753	0,637526	
0,001858	0,000381	0,876650	0,000434	0,642637	
0,001895	0,001945	0,871886	0,002224	0,649278	
0,001933	0,012671	0,867048	0,014573	0,635580	
0,001970	0,034117	0,862138	0,039462	0,656333	
0,002008	0,067221	0,857156	0,078205	0,662559	
0,002045	0,112189	0,852103	0,131295	0,696698	
0,002083	0,168424	0,846981	0,198298	0,687489	
0,002120	0,234518	0,841791	0,277817	0,707204	
0,002158	0,308300	0,836534	0,367517	0,692936	
0,002195	0,386951	0,831212	0,464228	0,711640	
0,002233	0,467158	0,825826	0,564108	0,733845	
0,002270	0,545313	0,820377	0,662857	0,763185	
0,002308	0,617742	0,814866	0,755976	0,789229	
0,002345	0,680931	0,809295	0,839041	0,797089	
0,002383	0,731756	0,803666	0,907984	0,796467	
0,002420	0,767684	0,797978	0,959354	0,789722	
0,002458	0,786933	0,792235	0,990538	0,780461	
0,002495	0,788585	0,786437	0,999936	0,772367	
0,002533	0,772642	0,780585	0,987064	0,762899	
0,002571	0,740013	0,774681	0,952585	0,747983	
0,002608	0,692452	0,768727	0,898267	0,709642	
0,002646	0,632432	0,762723	0,826865	0,691821	
0,002683	0,562978	0,756671	0,741944	0,671717	
0,002721	0,487465	0,750573	0,647646	0,661366	
0,002758	0,409406	0,744430	0,548425	0,605619	
0,002796	0,332225	0,738244	0,448766	0,568497	
0,002833	0,259061	0,732015	0,352915	0,532699	
0,002871	0,192584	0,725746	0,264620	0,507432	
0,002908	0,134861	0,719437	0,186931	0,470700	
0,002946	0,087268	0,713091	0,122039	0,449220	
0,002983	0,050453	0,706708	0,071192	0,417495	
0,003021	0,024350	0,700291	0,034674	0,388052	
0,003058	0,008249	0,693840	0,011855	0,370230	
0,003096	0,000899	0,687357	0,001305	0,377234	
0,003133	0,000652	0,680844	0,000955	0,364990	
0,003171	0,005614	0,674302	0,008303	0,372098	
0,003208	0,013818	0,667732	0,020635	0,357700	
0,003246	0,023372	0,661137	0,035253	0,361644	
0,003284	0,032609	0,654517	0,049682	0,359517	
0,003321	0,040185	0,647873	0,061853	0,370567	
0,003359	0,045163	0,641209	0,070238	0,352875	
0,003396	0,047041	0,634524	0,073929	0,354121	
0,003434	0,045750	0,627820	0,072668	0,333083	
0,003471	0,041610	0,621100	0,066808	0,326520	
0,003509	0,035257	0,614363	0,057227	0,293497	
0,003546	0,027543	0,607613	0,045203	0,278866	
0,003584	0,019430	0,600850	0,032248	0,249423	
0,003621	0,011877	0,594075	0,019937	0,236193	
0,003659	0,005733	0,587291	0,009735	0,209889	
0,003696	0,001651	0,580498	0,002836	0,202288	
0,003734	0,000023	0,573698	0,000040	0,188617	
0,003771	0,000949	0,566893	0,001670	0,188228	
0,003809	0,004234	0,560084	0,007538	0,184856	
0,003846	0,009412	0,553273	0,016965	0,203248	
0,003884	0,015809	0,546460	0,028849	0,207554	
0,003921	0,022612	0,539647	0,041785	0,215699	
0,003959	0,028966	0,532837	0,054210	0,222418	
0,003997	0,034064	0,526029	0,064577	0,246569	
0,004034	0,037245	0,519226	0,071531	0,252639	
0,004072	0,038063	0,512428	0,074073	0,263509	
0,004109	0,036355	0,505638	0,071699	0,263664	
0,004147	0,032267	0,498856	0,064501	0,271317	
0,004184	0,026258	0,492085	0,053212	0,265895	
0,004222	0,019079	0,485325	0,039202	0,269631	
0,004259	0,011713	0,478577	0,024407	0,258736	
0,004297	0,005304	0,471843	0,011209	0,252925	
0,004334	0,001057	0,465125	0,002267	0,239098	
0,004372	0,000144	0,458423	0,000313	0,251835	
0,004409	0,003591	0,451740	0,007927	0,256946	
0,004447	0,012191	0,445075	0,027314	0,266388	
0,004484	0,026419	0,438431	0,060091	0,261330	
0,004522	0,046382	0,431809	0,107114	0,260396	
0,004559	0,071784	0,425209	0,168351	0,253677	
0,004597	0,101933	0,418634	0,242810	0,276012	
0,004634	0,135767	0,412084	0,328546	0,277517	
0,004672	0,171920	0,405561	0,422726	0,303484	
0,004710	0,208802	0,399066	0,521767	0,311085	
0,004747	0,244697	0,392599	0,621536	0,319827	
0,004785	0,277879	0,386163	0,717583	0,314016	
0,004822	0,306720	0,379758	0,805420	0,330281	
0,004860	0,329795	0,373385	0,880794	0,319567	
0,004897	0,345975	0,367046	0,939965	0,323951	
0,004935	0,354493	0,360741	0,979941	0,303588	
0,004972	0,354993	0,354472	0,998677	0,294923	
0,005010	0,347540	0,348240	0,995210	0,275234	
0,005047	0,332614	0,342045	0,969716	0,276168	
0,005085	0,311064	0,335889	0,923509	0,253522	
0,005122	0,284048	0,329773	0,858943	0,243716	
0,005160	0,252952	0,323698	0,779266	0,223222	
0,005197	0,219293	0,317664	0,688406	0,211964	
0,005235	0,184626	0,311673	0,590719	0,195491	
0,005272	0,150442	0,305725	0,490710	0,185297	
0,005310	0,118087	0,299823	0,392759	0,164699	
0,005347	0,088687	0,293965	0,300852	0,158941	
0,005385	0,063096	0,288154	0,218357	0,145192	
0,005423	0,041866	0,282390	0,147842	0,146333	
0,005460	0,025237	0,276674	0,090962	0,136320	
0,005498	0,013155	0,271006	0,048405	0,143713	
0,005535	0,005301	0,265388	0,019919	0,142572	
0,005573	0,001145	0,259821	0,004395	0,148720	
0,005610	0,000003	0,254304	0,000011	0,144154	
0,005648	0,001104	0,248840	0,004423	0,151703	
0,005685	0,003657	0,243428	0,014980	0,153052	
0,005723	0,006911	0,238069	0,028949	0,158551	
0,005760	0,010209	0,232764	0,043737	0,149394	
0,005798	0,013024	0,227514	0,057085	0,148772	
0,005835	0,014986	0,222318	0,067221	0,133882	
0,005873	0,015892	0,217179	0,072969	0,135490	
0,005910	0,015696	0,212096	0,073798	0,134271	
0,005948	0,014495	0,207070	0,069807	0,130872	
0,005985	0,012498	0,202101	0,061667	0,115412	
0,006023	0,009987	0,197191	0,050504	0,117617	
0,006060	0,007281	0,192339	0,037751	0,111053	
0,006098	0,004698	0,187546	0,024979	0,111391	
0,006136	0,002515	0,182812	0,013718	0,106877	
0,006173	0,000946	0,178138	0,005296	0,114348	
0,006211	0,000120	0,173525	0,000692	0,104802	
0,006248	0,000074	0,168972	0,000438	0,109108	
0,006286	0,000753	0,164481	0,004565	0,107992	
0,006323	0,002021	0,160050	0,012594	0,119095	
0,006361	0,003683	0,155682	0,023593	0,116579	
0,006398	0,005505	0,151376	0,036267	0,127007	
0,006436	0,007245	0,147132	0,049103	0,122493	
0,006473	0,008676	0,142950	0,060523	0,130846	
0,006511	0,009616	0,138832	0,069071	0,136969	
0,006548	0,009944	0,134776	0,073578	0,157721	
0,006586	0,009615	0,130784	0,073316	0,160990	
0,006623	0,008665	0,126856	0,068113	0,163143	
0,006661	0,007206	0,122991	0,058430	0,158759	
0,006698	0,005423	0,119190	0,045369	0,164855	
0,006736	0,003547	0,115452	0,030640	0,164388	
0,006773	0,001844	0,111779	0,016451	0,184985	
0,006811	0,000582	0,108170	0,005368	0,190900	
0,006849	0,000012	0,104625	0,000118	0,200446	
0,006886	0,000342	0,101144	0,003372	0,206568	
0,006924	0,001717	0,097728	0,017521	0,233210	
0,006961	0,004207	0,094375	0,044456	0,247659	
0,006999	0,007798	0,091087	0,085376	0,251602	
0,007036	0,012391	0,087863	0,140636	0,249553	
0,007074	0,017808	0,084703	0,209657	0,269709	
0,007111	0,023805	0,081607	0,290894	0,269579	
0,007149	0,030090	0,078575	0,381879	0,290513	
0,007186	0,036342	0,075607	0,479328	0,294353	
0,007224	0,042235	0,072702	0,579314	0,300319	
0,007261	0,047462	0,069861	0,677491	0,300527	
0,007299	0,051755	0,067083	0,769355	0,314587	
0,007336	0,054899	0,064368	0,850518	0,306960	
0,007374	0,056752	0,061716	0,916991	0,309217	
0,007411	0,057243	0,059127	0,965437	0,294638	
0,007449	0,056383	0,056600	0,993390	0,297751	
0,007486	0,054255	0,054136	0,999414	0,284858	
0,007524	0,051006	0,051733	0,983197	0,291006	
0,007562	0,046834	0,049392	0,945575	0,278243	
0,007599	0,041975	0,047112	0,888475	0,277517	
0,007637	0,036681	0,044893	0,814788	0,259799	
0,007674	0,031205	0,042735	0,728179	0,256946	
0,007712	0,025789	0,040636	0,632854	0,239072	
0,007749	0,020642	0,038598	0,533290	0,221899	
0,007787	0,015935	0,036619	0,433951	0,194246	
0,007824	0,011797	0,034699	0,339023	0,180472	
0,007862	0,008304	0,032838	0,252160	0,156398	
0,007899	0,005486	0,031035	0,176288	0,148850	
0,007937	0,003333	0,029289	0,113462	0,132922	
0,007974	0,001793	0,027601	0,064782	0,137332	
0,008012	0,000791	0,025970	0,030391	0,122753	
0,008049	0,000233	0,024395	0,009529	0,126774	
0,008087	0,000015	0,022875	0,000658	0,119744	
0,008124	0,000035	0,021411	0,001632	0,121741	
0,008162	0,000199	0,020001	0,009904	0,121767	
0,008199	0,000425	0,018646	0,022747	0,133726	
0,008237	0,000652	0,017344	0,037485	0,129290	
0,008274	0,000834	0,016095	0,051694	0,127007	
0,008312	0,000947	0,014898	0,063380	0,119951	
0,008350	0,000981	0,013754	0,071102	0,123946	
0,008387	0,000940	0,012660	0,074053	0,124154	
0,008425	0,000840	0,011617	0,072068	0,127267	
0,008462	0,000699	0,010624	0,065585	0,118058	
0,008500	0,000539	0,009681	0,055551	0,113777	
0,008537	0,000381	0,008786	0,043290	0,096967	
0,008575	0,000241	0,007939	0,030333	0,096993	
0,008612	0,000131	0,007139	0,018250	0,095515	
0,008650	0,000054	0,006386	0,008473	0,100988	
0,008687	0,000012	0,005679	0,002146	0,094166	
0,008725	0,000000	0,005018	0,000001	0,092973	
0,008762	0,000010	0,004401	0,002285	0,091779	
0,008800	0,000034	0,003828	0,008736	0,103712	
0,008837	0,000062	0,003298	0,018605	0,099639	
0,008875	0,000087	0,002810	0,030739	0,109082	
0,008912	0,000104	0,002365	0,043698	0,112584	
0,008950	0,000110	0,001960	0,055912	0,120262	
0,008987	0,000105	0,001596	0,065851	0,111053	
0,009025	0,000092	0,001271	0,072204	0,116553	
0,009063	0,000073	0,000985	0,074036	0,121793	
0,009100	0,000052	0,000737	0,070928	0,133752	
0,009138	0,000033	0,000526	0,063064	0,127189	
0,009175	0,000018	0,000352	0,051274	0,134349	
0,009213	0,000008	0,000214	0,037016	0,138655	
0,009250	0,000002	0,000110	0,022299	0,139355	
0,009288	0,000000	0,000041	0,009558	0,129861	
0,009325	0,000000	0,000006	0,001476	0,134660	
0,009363	0,000000	0,000003	0,000775	0,127085	
0,009400	0,000000	0,000032	0,009993	0,135308	
0,009438	0,000003	0,000092	0,031260	0,134945	
0,009475	0,000012	0,000182	0,066092	0,149420	
0,009513	0,000035	0,000302	0,115220	0,149861	
0,009550	0,000081	0,000451	0,178474	0,155024	
0,009588	0,000160	0,000628	0,254722	0,148071	
0,009625	0,000285	0,000832	0,341881	0,158318	
0,009663	0,000465	0,001062	0,437001	0,159226	
0,009700	0,000709	0,001318	0,536407	0,168694	
0,009738	0,001020	0,001599	0,635902	0,175258	
0,009776	0,001396	0,001904	0,731018	0,183766	
0,009813	0,001830	0,002233	0,817283	0,184596	
0,009851	0,002307	0,002584	0,890505	0,185660	
0,009888	0,002808	0,002957	0,947039	0,172793	
0,009926	0,003306	0,003351	0,984022	0,175439	
0,009963	0,003774	0,003765	0,999561	0,168746	
0,010001	0,004180	0,004198	0,992855	0,167216	
0,010038	0,004497	0,004650	0,964250	0,154712	
0,010076	0,004700	0,005121	0,915215	0,155205	
0,010113	0,004770	0,005608	0,848246	0,145192	
0,010151	0,004699	0,006112	0,766702	0,134323	
0,010188	0,004486	0,006632	0,674589	0,116086	
0,010226	0,004141	0,007166	0,576299	0,114166	
0,010263	0,003685	0,007715	0,476335	0,101429	
0,010301	0,003146	0,008277	0,379034	0,095696	
0,010338	0,002559	0,008852	0,288305	0,087214	
0,010376	0,001963	0,009439	0,207409	0,088537	
0,010413	0,001397	0,010038	0,138786	0,084282	
0,010451	0,000896	0,010647	0,083954	0,086176	
0,010489	0,000491	0,011266	0,043462	0,075618	
0,010526	0,000202	0,011894	0,016928	0,081559	
0,010564	0,000039	0,012530	0,003131	0,079354	
0,010601	0,000002	0,013175	0,000163	0,080469	
0,010639	0,000078	0,013827	0,005622	0,075125	
0,010676	0,000245	0,014485	0,016833	0,081896	
0,010714	0,000472	0,015149	0,031071	0,077252	
0,010751	0,000726	0,015818	0,045780	0,083867	
0,010789	0,000972	0,016492	0,058762	0,081844	
0,010826	0,001176	0,017169	0,068328	0,087473	
0,010864	0,001314	0,017850	0,073392	0,082570	
0,010901	0,001366	0,018534	0,073514	0,084983	
0,010939	0,001328	0,019220	0,068880	0,078056	
0,010976	0,001202	0,019907	0,060234	0,078627	
0,011014	0,001007	0,020594	0,048754	0,074269	
0,011051	0,000766	0,021283	0,035904	0,082544	
0,011089	0,000512	0,021970	0,023257	0,071805	
0,011126	0,000280	0,022657	0,012326	0,076656	
0,011164	0,000103	0,023343	0,004395	0,072453	
0,011202	0,000009	0,024026	0,000386	0,081636	
0,011239	0,000019	0,024707	0,000761	0,079302	
0,011277	0,000139	0,025385	0,005478	0,090923	
0,011314	0,000366	0,026060	0,013991	0,089211	
0,011352	0,000678	0,026730	0,025309	0,097927	
0,011389	0,001047	0,027396	0,038099	0,090404	
0,011427	0,001430	0,028056	0,050828	0,100885	
0,011464	0,001783	0,028711	0,061927	0,103531	
0,011502	0,002060	0,029361	0,069969	0,113907	
0,011539	0,002222	0,030003	0,073839	0,107941	
0,011577	0,002239	0,030639	0,072881	0,110976	
0,011614	0,002101	0,031268	0,067010	0,112195	
0,011652	0,001816	0,031888	0,056775	0,122779	
0,011689	0,001413	0,032501	0,043368	0,123687	
0,011727	0,000949	0,033105	0,028574	0,128538	
0,011764	0,000495	0,033700	0,014660	0,119847	
0,011802	0,000145	0,034286	0,004226	0,124750	
0,011839	0,000000	0,034862	0,000003	0,120418	
0,011877	0,000165	0,035428	0,004636	0,133648	
0,011915	0,000738	0,035984	0,020458	0,139926	
0,011952	0,001805	0,036529	0,049274	0,146619	
0,011990	0,003426	0,037063	0,092173	0,148097	
0,012027	0,005630	0,037586	0,149385	0,159926	
0,012065	0,008412	0,038097	0,220197	0,160990	
0,012102	0,011725	0,038596	0,302935	0,171003	
0,012140	0,015481	0,039083	0,395010	0,171107	
0,012177	0,019558	0,039558	0,493039	0,181924	
0,012215	0,023799	0,040019	0,593026	0,184441	
0,012252	0,028025	0,040468	0,690589	0,185115	
0,012290	0,032045	0,040904	0,781223	0,173390	
0,012327	0,035664	0,041326	0,860583	0,173467	
0,012365	0,038703	0,041735	0,924756	0,166723	
0,012402	0,041002	0,042130	0,970515	0,183481	
0,012440	0,042439	0,042511	0,995526	0,183066	
0,012477	0,042934	0,042878	0,998504	0,176736	
0,012515	0,042454	0,043231	0,979296	0,159485	
0,012552	0,041021	0,043569	0,938889	0,155257	
0,012590	0,038705	0,043893	0,879351	0,142987	
0,012628	0,035624	0,044202	0,803688	0,140107	
0,012665	0,031933	0,044496	0,715653	0,132662	
0,012703	0,027816	0,044775	0,619503	0,131988	
0,012740	0,023473	0,045039	0,519726	0,112714	
0,012778	0,019109	0,045288	0,420765	0,111261	
0,012815	0,014916	0,045522	0,326742	0,098991	
0,012853	0,011065	0,045741	0,241224	0,096734	
0,012890	0,007695	0,045944	0,167024	0,076370	
0,012928	0,004907	0,046132	0,106071	0,073335	
0,012965	0,002755	0,046305	0,059334	0,066409	
0,013003	0,001250	0,046462	0,026828	0,075644	
0,013040	0,000359	0,046604	0,007684	0,072972	
0,013078	0,000013	0,046730	0,000270	0,078290	
0,013115	0,000112	0,046841	0,002375	0,072661	
0,013153	0,000537	0,046937	0,011416	0,075411	
0,013190	0,001163	0,047017	0,024662	0,074010	
0,013228	0,001863	0,047083	0,039459	0,086072	
0,013265	0,002526	0,047132	0,053434	0,080495	
0,013303	0,003058	0,047167	0,064660	0,083297	
0,013341	0,003396	0,047186	0,071780	0,078887	
0,013378	0,003505	0,047191	0,074070	0,081818	
0,013416	0,003381	0,047180	0,071452	0,075488	
0,013453	0,003047	0,047155	0,064435	0,077667	
0,013491	0,002553	0,047114	0,054026	0,071312	
0,013528	0,001962	0,047059	0,041584	0,072868	
0,013566	0,001350	0,046990	0,028656	0,066720	
0,013603	0,000790	0,046906	0,016802	0,070637	
0,013641	0,000348	0,046807	0,007424	0,062544	
0,013678	0,000076	0,046695	0,001615	0,063893	
0,013716	0,000002	0,046568	0,000048	0,065397	
0,013753	0,000135	0,046428	0,002905	0,072246	
0,013791	0,000457	0,046274	0,009854	0,065034	
0,013828	0,000929	0,046106	0,020091	0,069729	
0,013866	0,001493	0,045925	0,032417	0,067680	
0,013903	0,002080	0,045730	0,045366	0,080702	
0,013941	0,002619	0,045523	0,057365	0,078627	
0,013978	0,003039	0,045303	0,066904	0,080339	
0,014016	0,003286	0,045070	0,072712	0,074113	
0,014054	0,003322	0,044825	0,073915	0,076448	
0,014091	0,003136	0,044568	0,070167	0,070508	
0,014129	0,002742	0,044298	0,061736	0,076344	
0,014166	0,002186	0,044017	0,049535	0,077590	
0,014204	0,001539	0,043724	0,035096	0,083504	
0,014241	0,000892	0,043420	0,020493	0,076630	
0,014279	0,000354	0,043105	0,008200	0,084127	
0,014316	0,000039	0,042779	0,000917	0,080988	
0,014354	0,000058	0,042443	0,001353	0,086617	
0,014391	0,000507	0,042096	0,012004	0,076500	
0,014429	0,001462	0,041739	0,034933	0,081740	
0,014466	0,002969	0,041372	0,071562	0,079042	
0,014504	0,005037	0,040996	0,122513	0,086591	
0,014541	0,007636	0,040610	0,187494	0,084153	
0,014579	0,010697	0,040216	0,265251	0,090171	
0,014616	0,014117	0,039813	0,353586	0,090327	
0,014654	0,017758	0,039401	0,449448	0,099951	
0,014691	0,021464	0,038981	0,549087	0,106151	
0,014729	0,025062	0,038553	0,648260	0,109445	
0,014767	0,028380	0,038117	0,742484	0,101896	
0,014804	0,031255	0,037674	0,827310	0,107500	
0,014842	0,033543	0,037224	0,898604	0,101352	
0,014879	0,035130	0,036767	0,952809	0,099302	
0,014917	0,035939	0,036304	0,987176	0,092609	
0,014954	0,035933	0,035835	0,999944	0,096527	
0,014992	0,035120	0,035359	0,990456	0,084879	
0,015029	0,033549	0,034878	0,959201	0,085164	
0,015067	0,031308	0,034392	0,907781	0,082830	
0,015104	0,028516	0,033901	0,838811	0,085865	
0,015142	0,025316	0,033404	0,755739	0,078368	
0,015179	0,021864	0,032904	0,662633	0,072090	
0,015217	0,018321	0,032399	0,563910	0,065579	
0,015254	0,014841	0,031891	0,464066	0,068744	
0,015292	0,011561	0,031379	0,367396	0,060157	
0,015329	0,008596	0,030864	0,277737	0,060676	
0,015367	0,006033	0,030345	0,198255	0,056551	
0,015404	0,003926	0,029824	0,131280	0,063011	
0,015442	0,002298	0,029301	0,078210	0,058238	
0,015479	0,001139	0,028776	0,039477	0,061584	
0,015517	0,000413	0,028249	0,014589	0,051674	
0,015555	0,000062	0,027720	0,002232	0,055669	
0,015592	0,000012	0,027190	0,000430	0,050222	
0,015630	0,000180	0,026659	0,006735	0,054554	
0,015667	0,000484	0,026128	0,018456	0,052375	
0,015705	0,000844	0,025596	0,032879	0,058186	
0,015742	0,001193	0,025065	0,047484	0,052686	
0,015780	0,001479	0,024533	0,060129	0,055488	
0,015817	0,001665	0,024002	0,069194	0,056110	
0,015855	0,001734	0,023471	0,073671	0,064827	
0,015892	0,001684	0,022942	0,073198	0,055618	
0,015930	0,001529	0,022414	0,068034	0,054865	
0,015967	0,001295	0,021888	0,058980	0,050248	
0,016005	0,001012	0,021363	0,047257	0,055721	
0,016042	0,000718	0,020840	0,034350	0,053153	
0,016080	0,000445	0,020320	0,021835	0,059561	
0,016117	0,000222	0,019803	0,011202	0,053413	
0,016155	0,000072	0,019288	0,003699	0,056811	
0,016192	0,000004	0,018776	0,000197	0,054710	
0,016230	0,000020	0,018268	0,001099	0,060287	
0,016268	0,000112	0,017763	0,006302	0,056162	
0,016305	0,000263	0,017262	0,015205	0,061532	
0,016343	0,000450	0,016765	0,026769	0,061895	
0,016380	0,000647	0,016272	0,039631	0,074736	
0,016418	0,000827	0,015784	0,052246	0,068562	
0,016455	0,000967	0,015300	0,063053	0,073517	
0,016493	0,001050	0,014821	0,070655	0,068977	
0,016530	0,001064	0,014348	0,073983	0,077797	
0,016568	0,001008	0,013879	0,072445	0,075592	
0,016605	0,000888	0,013417	0,066026	0,079872	
0,016643	0,000719	0,012960	0,055351	0,075800	
0,016680	0,000523	0,012508	0,041684	0,088563	
0,016718	0,000325	0,012063	0,026871	0,086254	
0,016755	0,000154	0,011624	0,013225	0,091727	
0,016793	0,000038	0,011192	0,003370	0,088303	
0,016830	0,000000	0,010766	0,000037	0,093258	
0,016868	0,000061	0,010347	0,005845	0,096137	
0,016905	0,000230	0,009935	0,023075	0,108356	
0,016943	0,000511	0,009529	0,053458	0,107448	
0,016981	0,000897	0,009132	0,097989	0,118862	
0,017018	0,001374	0,008741	0,156794	0,119406	
0,017056	0,001920	0,008358	0,229052	0,123894	
0,017093	0,002505	0,007982	0,312979	0,129316	
0,017131	0,003099	0,007615	0,405892	0,133778	
0,017168	0,003669	0,007255	0,504331	0,135983	
0,017206	0,004183	0,006903	0,604246	0,150095	
0,017243	0,004612	0,006559	0,701231	0,144725	
0,017281	0,004935	0,006223	0,790787	0,136398	
0,017318	0,005136	0,005896	0,868608	0,127448	
0,017356	0,005206	0,005577	0,930849	0,127111	
0,017393	0,005146	0,005267	0,974374	0,115463	
0,017431	0,004964	0,004965	0,996963	0,116916	
0,017468	0,004673	0,004671	0,997455	0,113544	
0,017506	0,004293	0,004387	0,975824	0,122701	
0,017543	0,003847	0,004111	0,933184	0,118109	
0,017581	0,003360	0,003844	0,871710	0,109238	
0,017618	0,002857	0,003586	0,794501	0,097694	
0,017656	0,002360	0,003337	0,705376	0,102545	
0,017694	0,001890	0,003096	0,608627	0,094711	
0,017731	0,001462	0,002865	0,508750	0,093258	
0,017769	0,001087	0,002643	0,410159	0,078809	
0,017806	0,000772	0,002430	0,316927	0,073724	
0,017844	0,000519	0,002225	0,232541	0,061973	
0,017881	0,000325	0,002030	0,159725	0,063763	
0,017919	0,000186	0,001844	0,100301	0,058445	
0,017956	0,000092	0,001667	0,055133	0,064100	
0,017994	0,000036	0,001500	0,024138	0,062881	
0,018031	0,000009	0,001341	0,006355	0,064048	
0,018069	0,000000	0,001191	0,000083	0,055462	
0,018106	0,000003	0,001051	0,003062	0,060365	
0,018144	0,000012	0,000919	0,012682	0,059924	
0,018181	0,000021	0,000797	0,026215	0,065709	
0,018219	0,000028	0,000683	0,041027	0,065553	
0,018256	0,000032	0,000579	0,054788	0,072531	
0,018294	0,000032	0,000483	0,065629	0,065605	
0,018331	0,000029	0,000396	0,072258	0,067239	
0,018369	0,000024	0,000318	0,074021	0,066175	
0,018407	0,000018	0,000249	0,070905	0,073206	
0,018444	0,000012	0,000188	0,063478	0,061947	
0,018482	0,000007	0,000136	0,052790	0,061480	
0,018519	0,000004	0,000092	0,040225	0,058756	
0,018557	0,000002	0,000057	0,027341	0,064437	
0,018594	0,000000	0,000031	0,015687	0,060702	
0,018632	0,000000	0,000012	0,006638	0,060494	
0,018669	0,000000	0,000002	0,001248	0,050300	
0,018707	0,000000	0,000000	0,000140	0,056422	
0,018744	0,000000	0,000006	0,003443	0,053542	
0,018782	0,000000	0,000020	0,010775	0,058679	
0,018819	0,000001	0,000042	0,021285	0,056084	
0,018857	0,000002	0,000071	0,033742	0,060339	
0,018894	0,000005	0,000109	0,046664	0,057511	
0,018932	0,000009	0,000153	0,058475	0,066824	
0,018969	0,000014	0,000205	0,067684	0,063763	
0,019007	0,000019	0,000264	0,073054	0,072609	
0,019044	0,000024	0,000331	0,073761	0,068225	
0,019082	0,000028	0,000404	0,069518	0,073724	
0,019120	0,000029	0,000484	0,060657	0,069107	
0,019157	0,000028	0,000571	0,048154	0,077330	
0,019195	0,000022	0,000664	0,033601	0,069522	
0,019232	0,000015	0,000764	0,019116	0,071571	
0,019270	0,000006	0,000871	0,007203	0,070871	
0,019307	0,000001	0,000983	0,000571	0,077745	
0,019345	0,000002	0,001102	0,001915	0,072661	
0,019382	0,000017	0,001226	0,013698	0,078601	
0,019420	0,000052	0,001356	0,037924	0,072012	
0,019457	0,000114	0,001491	0,075942	0,080106	
0,019495	0,000210	0,001633	0,128288	0,082285	
0,019532	0,000347	0,001779	0,194576	0,087110	
0,019570	0,000529	0,001930	0,273459	0,080858	
0,019607	0,000759	0,002086	0,362653	0,085631	
0,019645	0,001035	0,002247	0,459032	0,084049	
0,019682	0,001352	0,002413	0,558792	0,091001	
0,019720	0,001704	0,002583	0,657657	0,089574	
0,019757	0,002077	0,002757	0,751141	0,092661	
0,019795	0,002458	0,002936	0,834815	0,083867	
0,019833	0,002829	0,003118	0,904593	0,084957	
0,019870	0,003171	0,003304	0,956989	0,080625	
0,019908	0,003467	0,003494	0,989344	0,084023	
0,019945	0,003698	0,003687	1,000000	0,078342	
0,019983	0,003849	0,003884	0,988409	0,082000	
0,020020	0,003911	0,004083	0,955167	0,077304	
0,020058	0,003876	0,004285	0,901979	0,078627	
0,020095	0,003744	0,004490	0,831540	0,069989	
0,020133	0,003521	0,004698	0,747369	0,072713	
0,020170	0,003217	0,004908	0,653570	0,061817	
0,020208	0,002847	0,005120	0,554580	0,064904	
0,020245	0,002433	0,005334	0,454883	0,059768	
0,020283	0,001997	0,005550	0,358736	0,062907	
0,020320	0,001561	0,005768	0,269922	0,055202	
0,020358	0,001150	0,005987	0,191532	0,059197	
0,020395	0,000783	0,006207	0,125811	0,057200	
0,020433	0,000478	0,006429	0,074066	0,060702	
0,020470	0,000244	0,006652	0,036643	0,059405	
0,020508	0,000089	0,006875	0,012970	0,064204	
0,020546	0,000012	0,007099	0,001667	0,054995	
0,020583	0,000005	0,007324	0,000706	0,054736	
0,020621	0,000058	0,007549	0,007611	0,052972	
0,020658	0,000153	0,007774	0,019682	0,056603	
0,020696	0,000274	0,007998	0,034216	0,049651	
0,020733	0,000402	0,008223	0,048722	0,053957	
0,020771	0,000518	0,008448	0,061101	0,049755	
0,020808	0,000607	0,008671	0,069787	0,053231	
0,020846	0,000659	0,008895	0,073829	0,044515	
0,020883	0,000667	0,009117	0,072922	0,047342	
0,020921	0,000631	0,009338	0,067378	0,044644	
0,020958	0,000556	0,009559	0,058038	0,048639	
0,020996	0,000453	0,009777	0,046153	0,046642	
0,021033	0,000333	0,009995	0,033221	0,049314	
0,021071	0,000213	0,010211	0,020816	0,044774	
0,021108	0,000109	0,010425	0,010413	0,050637	
0,021146	0,000034	0,010637	0,003230	0,044152	
0,021183	0,000001	0,010847	0,000099	0,051026	
0,021221	0,000015	0,011055	0,001382	0,046590	
0,021259	0,000078	0,011261	0,006931	0,050637	
0,021296	0,000185	0,011464	0,016104	0,049314	
0,021334	0,000326	0,011665	0,027832	0,057952	
0,021371	0,000485	0,011863	0,040731	0,048458	
0,021409	0,000644	0,012058	0,053248	0,048510	
0,021446	0,000784	0,012250	0,063833	0,043296	
0,021484	0,000887	0,012439	0,071109	0,049885	
0,021521	0,000937	0,012625	0,074045	0,047991	
0,021559	0,000926	0,012808	0,072093	0,055799	
0,021596	0,000850	0,012987	0,065290	0,055202	
0,021634	0,000717	0,013163	0,054314	0,056837	
0,021671	0,000541	0,013335	0,040479	0,053516	
0,021709	0,000348	0,013503	0,025673	0,054035	
0,021746	0,000168	0,013667	0,012241	0,052141	
0,021784	0,000039	0,013828	0,002818	0,061376	
0,021821	0,000002	0,013984	0,000134	0,059716	
0,021859	0,000096	0,014137	0,006787	0,065812	
0,021896	0,000358	0,014285	0,025018	0,057226	
0,021934	0,000818	0,014429	0,056503	0,061325	
0,021972	0,001493	0,014568	0,102172	0,062622	
0,022009	0,002390	0,014703	0,162076	0,075540	
0,022047	0,003500	0,014834	0,235318	0,070585	
0,022084	0,004801	0,014960	0,320041	0,078523	
0,022122	0,006253	0,015081	0,413497	0,075177	
0,022159	0,007805	0,015197	0,512176	0,080573	
0,022197	0,009395	0,015309	0,611994	0,076189	
0,022234	0,010953	0,015416	0,708531	0,075800	
0,022272	0,012407	0,015518	0,797299	0,071623	
0,022309	0,013686	0,015615	0,874020	0,080910	
0,022347	0,014726	0,015707	0,934899	0,075047	
0,022384	0,015472	0,015794	0,976869	0,077097	
0,022422	0,015885	0,015876	0,997787	0,072194	
0,022459	0,015943	0,015953	0,996579	0,069937	
0,022497	0,015640	0,016025	0,973307	0,067576	
0,022534	0,014993	0,016091	0,929167	0,075099	
0,022572	0,014034	0,016152	0,866409	0,064878	
0,022609	0,012811	0,016209	0,788189	0,060494	
0,022647	0,011387	0,016259	0,698370	0,055410	
0,022685	0,009831	0,016305	0,601262	0,057433	
0,022722	0,008218	0,016345	0,501362	0,051467	
0,022760	0,006621	0,016380	0,403064	0,056033	
0,022797	0,005108	0,016410	0,310399	0,045267	
0,022835	0,003738	0,016435	0,226804	0,045215	
0,022872	0,002556	0,016454	0,154936	0,042880	
0,022910	0,001594	0,016468	0,096547	0,049314	
0,022947	0,000866	0,016477	0,052431	0,043892	
0,022985	0,000371	0,016480	0,022438	0,050844	
0,023022	0,000092	0,016478	0,005549	0,047498	
0,023060	0,000000	0,016471	0,000019	0,053257	
0,023097	0,000059	0,016459	0,003557	0,044074	
0,023135	0,000223	0,016442	0,013541	0,045993	
0,023172	0,000449	0,016419	0,027243	0,045267	
0,023210	0,000691	0,016392	0,042048	0,056162	
0,023247	0,000913	0,016359	0,055656	0,052505	
0,023285	0,001084	0,016321	0,066235	0,055332	
0,023322	0,001184	0,016278	0,072539	0,051156	
0,023360	0,001204	0,016231	0,073960	0,054113	
0,023397	0,001144	0,016178	0,070525	0,049184	
0,023435	0,001016	0,016121	0,062840	0,053205	
0,023473	0,000837	0,016058	0,051981	0,046538	
0,023510	0,000631	0,015991	0,039350	0,051856	
0,023548	0,000423	0,015919	0,026505	0,046953	
0,023585	0,000238	0,015843	0,014988	0,050689	
0,023623	0,000097	0,015762	0,006157	0,050922	
0,023660	0,000016	0,015676	0,001038	0,058264	
0,023698	0,000003	0,015586	0,000224	0,052167	
0,023735	0,000059	0,015492	0,003807	0,057200	
0,023773	0,000176	0,015393	0,011374	0,053568	
0,023810	0,000338	0,015290	0,022048	0,062051	
0,023848	0,000526	0,015183	0,034578	0,057563	
0,023885	0,000717	0,015072	0,047472	0,058315	
0,023923	0,000887	0,014957	0,059156	0,053724	
0,023960	0,001014	0,014838	0,068151	0,066357	
0,023998	0,001081	0,014715	0,073243	0,057382	
0,024035	0,001077	0,014588	0,073640	0,062855	
0,024073	0,001002	0,014458	0,069092	0,063218	
0,024110	0,000861	0,014324	0,059971	0,076500	
0,024148	0,000673	0,014186	0,047293	0,070897	
0,024186	0,000460	0,014045	0,032683	0,076007	
0,024223	0,000255	0,013901	0,018286	0,071338	
0,024261	0,000091	0,013754	0,006621	0,074788	
0,024298	0,000005	0,013603	0,000399	0,069574	
0,024336	0,000031	0,013450	0,002307	0,075151	
0,024373	0,000197	0,013294	0,014782	0,077149	
0,024411	0,000524	0,013135	0,039793	0,086487	
0,024448	0,001023	0,012973	0,078643	0,082622	
0,024486	0,001693	0,012808	0,131815	0,086773	
0,024523	0,002521	0,012641	0,198867	0,085631	
0,024561	0,003482	0,012472	0,278397	0,090716	
0,024598	0,004540	0,012301	0,368071	0,092713	
0,024636	0,005651	0,012127	0,464723	0,101377	
0,024673	0,006765	0,011951	0,564516	0,088511	
0,024711	0,007829	0,011773	0,663163	0,095463	
0,024748	0,008791	0,011594	0,756175	0,089522	
0,024786	0,009603	0,011412	0,839142	0,087447	
0,024823	0,010225	0,011229	0,908008	0,083738	
0,024861	0,010625	0,011045	0,959331	0,090223	
0,024899	0,010786	0,010859	0,990508	0,085605	
0,024936	0,010701	0,010672	0,999941	0,091053	
0,024974	0,010378	0,010484	0,987144	0,085553	
0,025011	0,009836	0,010294	0,952777	0,087810	
0,025049	0,009105	0,010104	0,898598	0,077745	
0,025086	0,008224	0,009913	0,827351	0,077174	
0,025124	0,007239	0,009721	0,742587	0,068770	
0,025161	0,006196	0,009529	0,648433	0,067006	
0,025199	0,005143	0,009336	0,549329	0,057563	
0,025236	0,004123	0,009142	0,449749	0,057433	
0,025274	0,003176	0,008949	0,353928	0,051986	
0,025311	0,002332	0,008755	0,265613	0,055929	
0,025349	0,001613	0,008561	0,187852	0,048406	
0,025386	0,001031	0,008367	0,122842	0,052297	
0,025424	0,000589	0,008174	0,071839	0,049703	
0,025461	0,000281	0,007980	0,035140	0,051908	
0,025499	0,000095	0,007787	0,012131	0,047446	
0,025536	0,000011	0,007595	0,001396	0,053075	
0,025574	0,000007	0,007403	0,000882	0,049495	
0,025612	0,000059	0,007211	0,008101	0,052946	
0,025649	0,000143	0,007021	0,020349	0,052141	
0,025687	0,000239	0,006831	0,034931	0,062622	
0,025724	0,000329	0,006643	0,049374	0,054035	
0,025762	0,000399	0,006455	0,061605	0,052505	
0,025799	0,000441	0,006269	0,070085	0,049573	
0,025837	0,000451	0,006084	0,073897	0,055254	
0,025874	0,000431	0,005900	0,072764	0,053361	
0,025912	0,000384	0,005718	0,067024	0,060131	
0,025949	0,000320	0,005538	0,057542	0,055877	
0,025987	0,000245	0,005359	0,045580	0,059301	
0,026024	0,000170	0,005182	0,032643	0,051052	
0,026062	0,000102	0,005007	0,020302	0,050014	
0,026099	0,000049	0,004834	0,010021	0,048276	
0,026137	0,000014	0,004662	0,003004	0,053750	
0,026174	0,000000	0,004493	0,000063	0,048354	
0,026212	0,000007	0,004326	0,001536	0,052141	
0,026249	0,000030	0,004162	0,007254	0,046616	
0,026287	0,000066	0,003999	0,016556	0,052920	
0,026325	0,000109	0,003840	0,028359	0,051000	
0,026362	0,000152	0,003682	0,041269	0,059535	
0,026400	0,000190	0,003527	0,053732	0,051467	
0,026437	0,000217	0,003375	0,064203	0,051623	
0,026475	0,000231	0,003226	0,071318	0,043633	
0,026512	0,000229	0,003079	0,074063	0,048510	
0,026550	0,000212	0,002936	0,071913	0,044515	
0,026587	0,000182	0,002795	0,064930	0,049781	
0,026625	0,000143	0,002657	0,053818	0,046538	
0,026662	0,000101	0,002522	0,039912	0,051026	
0,026700	0,000060	0,002390	0,025118	0,043581	
0,026737	0,000027	0,002262	0,011794	0,047187	
0,026775	0,000006	0,002137	0,002579	0,045578	
0,026812	0,000000	0,002014	0,000199	0,051104	
0,026850	0,000014	0,001896	0,007240	0,044074	
0,026887	0,000046	0,001780	0,025923	0,049080	
0,026925	0,000097	0,001668	0,057898	0,045552	
0,026962	0,000163	0,001560	0,104065	0,049158	
0,027000	0,000240	0,001454	0,164441	0,000000	